Name,Date,Invoice_Number,Memo,Item,Qty,Sales_Price,Description
Company A,12/27/2022,17250.0,TBC Shipping,FREIGHT,1.0,150.0,
Company B,6/24/2022,17005.0,,XEROX,1.0,100.0,
Company B,7/7/2022,17017.0,,XEROX,1.0,100.0,
Company B,7/7/2022,17017.0,,XEROX,1.0,100.0,
Company                  C,3/16/2021,16259.0,flat panel cover,TOSHIBA,1.0,50.0,
Company                  C,3/16/2021,16259.0,ups ground,FREIGHT,1.0,17.42,
Company                  C,3/16/2021,16259.0,2%,Credit Card Fee,1.0,1.35,
Company  D,10/27/2020,16035.0,TBC Shipping,FREIGHT,1.0,100.0,
Company  D,10/27/2020,16035.0,2% credit card fee,Credit Card Fee,1.0,23.9,
Company  D,11/18/2020,16093.0,tbc shipping,FREIGHT,1.0,50.0,
Company  D,7/21/2021,16440.0,tbc shipping,FREIGHT,1.0,150.0,
Company  D,1/26/2022,16766.0,TBC Shipping,FREIGHT,1.0,150.0,
Company  D,1/26/2022,16766.0,2% credit card fee,Credit Card Fee,1.0,19.0,
Company  E,3/7/2023,17345.0,VIN-1HTMMMML3JH547027,PACKAGE  Inv,1.0,14000.0,
Company  F,12/20/2021,16698.0,Moe Transportation,FREIGHT,1.0,360.0,
Company  F,12/20/2021,16698.0,2% CREDIT CARD FEE,Credit Card Fee,1.0,67.2,
Company  G,11/1/2022,17167.0,TBC Shipping,FREIGHT,0.0,0.0,
Company  H,10/16/2020,16007.0,Credit trade in 1 Ricoh MP8001 and 1 MP6002  PO 4004,CREDIT,1.0,-2000.0,
Company  H,5/11/2021,16335.0,PACKAGE,PACKAGE,1.0,800.0,
Company  I,1/27/2022,16769.0,part machines,KONICA MINOLTA,4.0,300.0,
Company  I,2/9/2022,16800.0,,XEROX,6.0,0.0,
Company  I,2/9/2022,16800.0,,XEROX,7.0,0.0,
Company  I,2/9/2022,16800.0,,XEROX,16.0,0.0,
Company  I,2/9/2022,16800.0,,PACKAGE  Inv,1.0,3000.0,
Company  I,4/8/2022,16907.0,Parts missing,XEROX,2.0,375.0,
Company  I,4/8/2022,16907.0,No Fiery/ No FIN/ No LCT,XEROX,2.0,1600.0,
Company  I,4/8/2022,16907.0,NEW PARTS MACHINE,CANON,1.0,1640.0,
Company  I,4/8/2022,16907.0,NEW PARTS MACHINE,CANON,1.0,820.0,
Company  I,4/8/2022,16907.0,NEW PARTS MACHINE,KONICA MINOLTA,1.0,2040.0,
Company  I,11/15/2022,17203.0,Brand new parts machine no RADF,KONICA MINOLTA,4.0,600.0,
Company  I,11/15/2022,17203.0,Brand new parts machine with radf,KONICA MINOLTA,1.0,800.0,
Company  I,11/15/2022,17203.0,FIN/LCT no fiery,XEROX,1.0,1500.0,
Company  I,11/15/2022,17203.0,,XEROX,1.0,700.0,
Company  I,11/15/2022,17203.0,2% credit card fee,Credit Card Fee,1.0,21.0,
Company  I,3/8/2024,17801.0,,XEROX,1.0,600.0,
Company  I,3/8/2024,17801.0,,KONICA MINOLTA,1.0,400.0,
Company  I,3/8/2024,17801.0,,KONICA MINOLTA,1.0,400.0,
Company  I,3/8/2024,17801.0,,KONICA MINOLTA,1.0,400.0,
Company  I,3/8/2024,17801.0,,CANON,1.0,300.0,
Company  I,3/8/2024,17801.0,TAG 37329,CANON,1.0,600.0,
Company  I,6/11/2024,17892.0,Freight JML - shipped 7/2/2024,FREIGHT,1.0,550.0,
DMTM Inc,6/23/2022,17003.0,TTR Shipping,FREIGHT,1.0,349.0,
DN PRINTER SOLUTIONS,10/25/2021,16602.0,,HP,48.0,35.0,
DN PRINTER SOLUTIONS,12/27/2021,16710.0,HP Package (see attached),PACKAGE  Inv,1.0,9355.0,
DN PRINTER SOLUTIONS,12/31/2021,16736.0,Adjustment to remove old credit balance from QB,ADJUSTMENT,1.0,150.0,
DN PRINTER SOLUTIONS,5/17/2022,16952.0,Printer Package,PACKAGE  Inv,1.0,6650.0,
DN PRINTER SOLUTIONS,7/6/2022,17016.0,per attached list,PACKAGE  Inv,1.0,2145.0,
DN PRINTER SOLUTIONS,12/1/2022,17213.0,Package HP,PACKAGE  Inv,1.0,3200.0,
Document Solutions,9/16/2020,15933.0,moe Shipping,FREIGHT,1.0,,
Document Solutions,10/21/2020,16017.0,Moe trans,FREIGHT,1.0,175.0,
Document Solutions,1/18/2021,16186.0,TBC SHIPPING,FREIGHT,1.0,300.0,
Document Solutions,11/2/2021,16619.0,Moe Trans,FREIGHT,1.0,175.0,
Document Solutions,11/2/2021,16619.0,3% Amex fee,Credit Card Fee,1.0,29.25,
Document Solutions,11/18/2021,16653.0,TBC,FREIGHT,1.0,225.0,
Document Solutions,11/18/2021,16653.0,2% credit card fee,Credit Card Fee,1.0,49.5,
Document Solutions,11/30/2021,16668.0,Moe,FREIGHT,1.0,225.0,
Document Solutions,11/30/2021,16668.0,2 % credit card fee,Credit Card Fee,1.0,68.5,
Document Solutions,3/30/2022,16887.0,Moe Trans,FREIGHT,1.0,265.0,
Document Solutions,3/30/2022,16887.0,2% credit card fee,Credit Card Fee,1.0,21.3,
Document Solutions,7/26/2022,17038.0,moe,FREIGHT,1.0,373.5,
Document Solutions,11/3/2022,17186.0,TBC Shipping,FREIGHT,1.0,200.0,
Document Solutions,11/3/2022,17186.0,3% Amex fee,Credit Card Fee,1.0,36.0,
Document Strategies Inc.,10/11/2021,16576.0,Moe Trans,FREIGHT,1.0,175.0,
Document Strategies Inc.,10/11/2021,16576.0,3 % AMEX fee,Credit Card Fee,1.0,44.25,
Document Strategies Inc.,12/2/2021,16675.0,Moe Trans,FREIGHT,1.0,175.0,
Document Strategies Inc.,12/2/2021,16675.0,3% Amex fee,Credit Card Fee,1.0,80.25,
Document Strategies Inc.,5/17/2022,16960.0,Brand New in box,TOSHIBA  Inv,1.0,1000.0,
Document Strategies Inc.,5/17/2022,16960.0,Emerson Logistics,FREIGHT,1.0,390.0,
Document Strategies Inc.,5/17/2022,16960.0,3% Amex fee,Credit Card Fee,1.0,41.7,
Document Strategies Inc.,12/6/2022,17215.0,Moe Trans,FREIGHT,1.0,425.0,
Document Strategies Inc.,12/6/2022,17215.0,3% Amex fee,Credit Card Fee,1.0,57.75,
Dominion Wholesalers         V,6/24/2021,16402.0,SN-SGGA7D202F,HP,1.0,25.0,
Dominion Wholesalers         V,6/24/2021,16402.0,SN-SG3AT61028,HP,1.0,25.0,
Dominion Wholesalers         V,10/2/2023,17652.0,,KONICA MINOLTA,3.0,0.0,
Dominion Wholesalers         V,10/2/2023,17652.0,,KONICA MINOLTA,3.0,0.0,
Dominion Wholesalers         V,10/2/2023,17652.0,,KONICA MINOLTA,1.0,0.0,
Dominion Wholesalers         V,10/2/2023,17652.0,,KONICA MINOLTA,4.0,0.0,
Dominion Wholesalers         V,10/2/2023,17652.0,,PACKAGE  Inv,1.0,1500.0,
Donald Co,1/4/2021,16296.0,,PACKAGE,1.0,400.0,
Donald Co,9/7/2022,17110.0,,LANIER,1.0,25.0,
Double Win Industries Inc.,5/12/2023,17436.0,Package of scrap machines,PACKAGE  Inv,1.0,2541.6,
Double Win Industries Inc.,5/12/2023,17436.0,Package of scrap machines,PACKAGE  Inv,1.0,2300.0,
Double Win Industries Inc.,6/13/2023,17502.0,PACKAGE OF SCRAP MACHINES,PACKAGE  Inv,1.0,2053.0,
Dynamic Business Equipment,11/17/2020,16083.0,11/12/2020,LANIER,1.0,35.0,
Dynamic Business Equipment,11/17/2020,16083.0,11/12/2020,KONICA MINOLTA,1.0,125.0,
Dynamic Business Equipment,11/17/2020,16083.0,S/N AOPP211000178,OCE,1.0,125.0,
Dynamic Business Equipment,11/17/2020,16083.0,S/N W914P402057,SAVIN,1.0,35.0,
Dynamic Business Equipment,11/17/2020,16083.0,S/N W914PA00186,SAVIN,1.0,35.0,
Dynamic Business Equipment,11/17/2020,16083.0,11/12/2020,RICOH,1.0,35.0,
Dynamic Business Equipment,11/17/2020,16083.0,11/12/2020,RICOH,1.0,35.0,
Dynamic Business Equipment,11/17/2020,16083.0,11/12/2020,RICOH,1.0,35.0,
Dynamic Business Equipment,11/17/2020,16083.0,11/12/2020,SAVIN,1.0,35.0,
Dynamic Business Equipment,11/17/2020,16083.0,S/N W915PA04700,SAVIN,1.0,35.0,
Dynamic Business Equipment,11/17/2020,16083.0,#NAME?,SAVIN,1.0,20.0,
Dynamic Business Equipment,11/17/2020,16083.0,#NAME?,SAVIN,1.0,20.0,
Dynamic Business Equipment,11/17/2020,16083.0,#NAME?,SAVIN,1.0,20.0,
Dynamic Business Equipment,11/17/2020,16083.0,#NAME?,SAVIN,1.0,20.0,
Dynamic Business Equipment,11/17/2020,16083.0,#NAME?,SAVIN,1.0,20.0,
Dynamic Business Equipment,11/17/2020,16083.0,#NAME?,SAVIN,1.0,20.0,
Dynamic Business Equipment,11/17/2020,16083.0,S/N W914P202850,SAVIN,1.0,35.0,
Dynamic Business Equipment,11/17/2020,16083.0,S/N W915P103081,SAVIN,1.0,35.0,
Dynamic Business Equipment,11/17/2020,16083.0,S/N W916P300109,SAVIN,1.0,35.0,
Dynamic Business Equipment,11/17/2020,16083.0,S/N W914P202063,SAVIN,1.0,35.0,
Dynamic Business Equipment,11/17/2020,16083.0,S/N W915P103083,SAVIN,1.0,35.0,
Dynamic Business Equipment,11/17/2020,16083.0,S/N W917P100517,SAVIN,1.0,35.0,
Dynamic Business Equipment,11/17/2020,16083.0,11/12/2020,RICOH,1.0,125.0,
Dynamic Business Equipment,11/17/2020,16083.0,11/12/2020,RICOH,1.0,125.0,
Dynamic Business Equipment,11/17/2020,16083.0,11/12/2020,RICOH,1.0,175.0,
Dynamic Business Equipment,11/17/2020,16083.0,11/12/2020,RICOH,1.0,35.0,
Dynamic Business Equipment,11/17/2020,16083.0,11/12/2020,RICOH,1.0,200.0,
Dynamic Business Equipment,11/17/2020,16083.0,S/N H706900590,SAVIN,1.0,75.0,
Dynamic Business Equipment,11/17/2020,16083.0,S/N L7087140418,SAVIN,1.0,35.0,
Dynamic Business Equipment,11/17/2020,16083.0,11/12/2020,RICOH,1.0,35.0,
Dynamic Business Equipment,11/17/2020,16083.0,11/12/2020,RICOH,1.0,35.0,
Dynamic Business Equipment,11/17/2020,16083.0,11/12/2020,RICOH,1.0,35.0,
Dynamic Business Equipment,11/17/2020,16083.0,11/12/2020,SAVIN,1.0,25.0,
Dynamic Business Equipment,11/17/2020,16083.0,11/12/2020,RICOH,1.0,100.0,
Dynamic Business Equipment,11/17/2020,16083.0,11/12/2020,GESTETNER,1.0,35.0,
Dynamic Business Equipment,11/17/2020,16083.0,11/12/2020,RICOH,1.0,75.0,
Dynamic Business Equipment,11/17/2020,16083.0,11/12/2020,LANIER,1.0,20.0,
Dynamic Business Equipment,11/17/2020,16083.0,LOADING,LOADING,1.0,1300.0,
Dynamic Business Equipment,2/25/2021,16239.0,LOADING,LOADING,0.0,1400.0,
Dynamic Business Equipment,2/25/2021,16239.0,FREIGHT TBD,FREIGHT,0.0,0.0,
Dynamic Business Equipment,6/22/2021,16376.0,,RICOH,1.0,50.0,
Dynamic Business Equipment,6/22/2021,16376.0,,GESTETNER,1.0,20.0,
Dynamic Business Equipment,6/22/2021,16376.0,S/N M6415800102,SAVIN,1.0,35.0,
Dynamic Business Equipment,6/22/2021,16376.0,,RICOH,1.0,100.0,
Dynamic Business Equipment,6/22/2021,16376.0,,RICOH,1.0,35.0,
Dynamic Business Equipment,6/22/2021,16376.0,,RICOH,1.0,35.0,
Dynamic Business Equipment,6/22/2021,16376.0,,RICOH,1.0,35.0,
Dynamic Business Equipment,6/22/2021,16376.0,,RICOH,1.0,35.0,
Dynamic Business Equipment,6/22/2021,16376.0,,RICOH,1.0,35.0,
Dynamic Business Equipment,6/22/2021,16376.0,,RICOH,1.0,25.0,
Dynamic Business Equipment,6/22/2021,16376.0,,RICOH,1.0,100.0,
Dynamic Business Equipment,6/22/2021,16376.0,,KYOCERA,1.0,50.0,
Dynamic Business Equipment,6/22/2021,16376.0,,RICOH,1.0,35.0,
Dynamic Business Equipment,6/22/2021,16376.0,,RICOH,1.0,100.0,
Dynamic Business Equipment,6/22/2021,16376.0,,RICOH,1.0,35.0,
Dynamic Business Equipment,6/22/2021,16376.0,LOADING,LOADING,1.0,1600.0,
Dynamic Business Equipment,9/16/2021,16506.0,9/8/2021,RICOH,1.0,35.0,
Dynamic Business Equipment,9/16/2021,16506.0,9/8/2021,RICOH,1.0,75.0,
Dynamic Business Equipment,9/16/2021,16506.0,9/8/2021,RICOH,1.0,75.0,
Dynamic Business Equipment,9/16/2021,16506.0,9/8/2021,RICOH,1.0,50.0,
Dynamic Business Equipment,9/16/2021,16506.0,9/8/2021,RICOH,1.0,100.0,
Dynamic Business Equipment,9/16/2021,16506.0,9/8/2021,RICOH,1.0,100.0,
Dynamic Business Equipment,9/16/2021,16506.0,9/8/2021,RICOH,1.0,50.0,
Dynamic Business Equipment,9/16/2021,16506.0,9/8/2021,RICOH,1.0,50.0,
Dynamic Business Equipment,9/16/2021,16506.0,9/8/2021,RICOH,1.0,35.0,
Dynamic Business Equipment,9/16/2021,16506.0,9/8/2021,RICOH,1.0,50.0,
Dynamic Business Equipment,9/16/2021,16506.0,9/8/2021,LANIER,1.0,35.0,
Dynamic Business Equipment,9/16/2021,16506.0,9/8/2021,RICOH,1.0,50.0,
Dynamic Business Equipment,9/16/2021,16506.0,9/8/2021,RICOH,1.0,50.0,
Dynamic Business Equipment,9/16/2021,16506.0,9/8/2021,RICOH,1.0,80.0,
Dynamic Business Equipment,9/16/2021,16506.0,9/8/2021,XEROX,1.0,125.0,
Dynamic Business Equipment,9/16/2021,16506.0,9/8/2021,XEROX,1.0,125.0,
Dynamic Business Equipment,9/16/2021,16506.0,9/8/2021,RICOH,1.0,80.0,
Dynamic Business Equipment,9/16/2021,16506.0,9/8/2021,RICOH,1.0,50.0,
Dynamic Business Equipment,9/16/2021,16506.0,9/8/2021,RICOH,1.0,50.0,
Dynamic Business Equipment,9/16/2021,16506.0,9/8/2021,RICOH,1.0,50.0,
Dynamic Business Equipment,9/16/2021,16506.0,9/8/2021,RICOH,1.0,50.0,
Dynamic Business Equipment,9/16/2021,16506.0,9/8/2021,RICOH,1.0,50.0,
Dynamic Business Equipment,9/16/2021,16506.0,9/8/2021,RICOH,1.0,50.0,
Dynamic Business Equipment,9/16/2021,16506.0,9/8/2021,RICOH,1.0,35.0,
Dynamic Business Equipment,9/16/2021,16506.0,9/8/2021,RICOH,1.0,50.0,
Dynamic Business Equipment,9/16/2021,16506.0,9/8/2021,XEROX,1.0,50.0,
Dynamic Business Equipment,9/16/2021,16506.0,9/8/2021,RICOH,1.0,50.0,
Dynamic Business Equipment,9/16/2021,16506.0,S/N W412L800503,SAVIN,1.0,100.0,
Dynamic Business Equipment,9/16/2021,16506.0,LOADING,LOADING,1.0,1600.0,
Dynamic Business Equipment,1/12/2022,16699.0,12/20/2021,KYOCERA,1.0,100.0,
Dynamic Business Equipment,1/12/2022,16699.0,12/20/2021,SAVIN  Inv,1.0,80.0,
Dynamic Business Equipment,1/12/2022,16699.0,12/20/2021,RICOH,1.0,50.0,
Dynamic Business Equipment,1/12/2022,16699.0,12/20/2021,GESTETNER,1.0,80.0,
Dynamic Business Equipment,1/12/2022,16699.0,LOADING,LOADING,1.0,1600.0,
Dynamic Business Equipment,2/14/2022,16816.0,LOADING,LOADING,0.0,1600.0,
Dynamic Business Equipment,2/14/2022,16816.0,FREIGHT (TBD),FREIGHT,0.0,0.0,
Dynamic Business Equipment,3/31/2022,16844.0,COPEX,KONICA MINOLTA,1.0,0.0,
Dynamic Business Equipment,3/31/2022,16844.0,COPEX,KONICA MINOLTA,1.0,0.0,
Dynamic Business Equipment,3/31/2022,16844.0,COPEX,KONICA MINOLTA,1.0,0.0,
Dynamic Business Equipment,3/31/2022,16844.0,COPEX,KONICA MINOLTA,1.0,0.0,
Dynamic Business Equipment,3/31/2022,16844.0,COPEX,KONICA MINOLTA,1.0,0.0,
Dynamic Business Equipment,3/31/2022,16844.0,COPEX,KONICA MINOLTA,1.0,0.0,
Dynamic Business Equipment,3/31/2022,16844.0,COPEX,KONICA MINOLTA,1.0,0.0,
Dynamic Business Equipment,3/31/2022,16844.0,COPEX,KONICA MINOLTA,1.0,0.0,
Dynamic Business Equipment,3/31/2022,16844.0,COPEX,KONICA MINOLTA,1.0,0.0,
Dynamic Business Equipment,3/31/2022,16844.0,COPEX,KONICA MINOLTA,1.0,0.0,
Dynamic Business Equipment,3/31/2022,16844.0,COPEX,KONICA MINOLTA,1.0,0.0,
Dynamic Business Equipment,3/31/2022,16844.0,COPEX,KONICA MINOLTA,1.0,0.0,
Dynamic Business Equipment,3/31/2022,16844.0,COPEX,KONICA MINOLTA,1.0,0.0,
Dynamic Business Equipment,3/31/2022,16844.0,COPEX,KONICA MINOLTA,1.0,0.0,
Dynamic Business Equipment,3/31/2022,16844.0,COPEX,KONICA MINOLTA,1.0,0.0,
Dynamic Business Equipment,3/31/2022,16844.0,COPEX,KONICA MINOLTA,1.0,0.0,
Dynamic Business Equipment,3/31/2022,16844.0,COPEX,KONICA MINOLTA,1.0,0.0,
Dynamic Business Equipment,3/31/2022,16844.0,COPEX,KYOCERA,1.0,0.0,
Dynamic Business Equipment,3/31/2022,16844.0,COPEX,KYOCERA,1.0,0.0,
Dynamic Business Equipment,3/31/2022,16844.0,COPEX,LANIER,1.0,0.0,
Dynamic Business Equipment,3/31/2022,16844.0,COPEX,LANIER,1.0,0.0,
Dynamic Business Equipment,3/31/2022,16844.0,COPEX,RICOH,1.0,0.0,
Dynamic Business Equipment,3/31/2022,16844.0,COPEX,RICOH,1.0,0.0,
Dynamic Business Equipment,3/31/2022,16844.0,COPEX,RICOH,1.0,0.0,
Dynamic Business Equipment,3/31/2022,16844.0,COPEX,SAVIN  Inv,1.0,0.0,
Dynamic Business Equipment,3/31/2022,16844.0,COPEX,SAVIN  Inv,1.0,0.0,
Dynamic Business Equipment,3/31/2022,16844.0,COPEX,SAVIN  Inv,1.0,0.0,
Dynamic Business Equipment,3/31/2022,16844.0,COPEX,XEROX,1.0,0.0,
Dynamic Business Equipment,3/31/2022,16844.0,SUPPLIES (TONER),SUPPLIES,1.0,160.0,
Dynamic Business Equipment,3/31/2022,16844.0,LOADING,LOADING,1.0,1600.0,
Dynamic Business Equipment,3/31/2022,16844.0,3/2/2022,LANIER,1.0,175.0,
Dynamic Business Equipment,3/31/2022,16844.0,3/2/2022,KONICA MINOLTA,1.0,125.0,
Dynamic Business Equipment,3/31/2022,16844.0,3/2/2022,RICOH,1.0,100.0,
Dynamic Business Equipment,3/31/2022,16844.0,3/2/2022,KONICA MINOLTA,1.0,125.0,
Dynamic Business Equipment,3/31/2022,16844.0,3/2/2022,KYOCERA,1.0,75.0,
Dynamic Business Equipment,3/31/2022,16844.0,3/2/2022,KYOCERA,1.0,75.0,
Dynamic Business Equipment,3/31/2022,16844.0,3/2/2022,KYOCERA,1.0,600.0,
Dynamic Business Equipment,3/31/2022,16844.0,3/2/2022,COPYSTAR,1.0,50.0,
Dynamic Business Equipment,3/31/2022,16844.0,3/2/2022,KONICA MINOLTA,1.0,100.0,
Dynamic Business Equipment,3/31/2022,16844.0,3/2/2022,LANIER,1.0,50.0,
Dynamic Business Equipment,3/31/2022,16844.0,3/2/2022,KYOCERA,1.0,75.0,
Dynamic Business Equipment,3/31/2022,16844.0,3/2/2022,KYOCERA,1.0,75.0,
Dynamic Business Equipment,3/31/2022,16844.0,3/2/2022,COPYSTAR,1.0,50.0,
Dynamic Business Equipment,3/31/2022,16844.0,3/2/2022,COPYSTAR,1.0,50.0,
Dynamic Business Equipment,3/31/2022,16844.0,COPEX,LOADING,27.0,10.0,
Dynamic Business Equipment,4/26/2022,16926.0,LOADING,LOADING,0.0,1600.0,
Dynamic Business Equipment,5/18/2022,16959.0,LOADING,LOADING,0.0,1600.0,
Dynamic Business Equipment,6/21/2022,16983.0,6/6/2022,RICOH,1.0,450.0,
Dynamic Business Equipment,6/21/2022,16983.0,6/6/2022,LANIER,1.0,35.0,
Dynamic Business Equipment,6/21/2022,16983.0,6/6/2022,RICOH,1.0,25.0,
Dynamic Business Equipment,6/21/2022,16983.0,6/6/2022,RICOH,1.0,50.0,
Dynamic Business Equipment,6/21/2022,16983.0,6/6/2022,RICOH,1.0,25.0,
Dynamic Business Equipment,6/21/2022,16983.0,6/6/2022,KYOCERA,1.0,75.0,
Dynamic Business Equipment,6/21/2022,16983.0,6/6/2022,KYOCERA,1.0,75.0,
Dynamic Business Equipment,6/21/2022,16983.0,6/6/2022,KYOCERA,1.0,100.0,
Dynamic Business Equipment,6/21/2022,16983.0,6/6/2022,KYOCERA,1.0,75.0,
Dynamic Business Equipment,6/21/2022,16983.0,6/6/2022,KYOCERA,1.0,75.0,
Dynamic Business Equipment,6/21/2022,16983.0,6/6/2022,RICOH,1.0,50.0,
Dynamic Business Equipment,6/21/2022,16983.0,6/6/2022,LANIER,1.0,100.0,
Dynamic Business Equipment,6/21/2022,16983.0,6/6/2022,GESTETNER,1.0,20.0,
Dynamic Business Equipment,6/21/2022,16983.0,6/6/2022,SAVIN  Inv,1.0,50.0,
Dynamic Business Equipment,6/21/2022,16983.0,6/6/2022,RICOH,1.0,30.0,
Dynamic Business Equipment,6/21/2022,16983.0,6/6/2022,SAVIN  Inv,1.0,25.0,
Dynamic Business Equipment,6/21/2022,16983.0,6/6/2022,RICOH,1.0,40.0,
Dynamic Business Equipment,6/21/2022,16983.0,6/6/2022,KONICA MINOLTA,1.0,125.0,
Dynamic Business Equipment,6/21/2022,16983.0,6/6/2022,KYOCERA,1.0,75.0,
Dynamic Business Equipment,6/21/2022,16983.0,6/6/2022,KYOCERA,1.0,75.0,
Dynamic Business Equipment,6/21/2022,16983.0,6/6/2022,KYOCERA,1.0,75.0,
Dynamic Business Equipment,6/21/2022,16983.0,6/6/2022,KYOCERA,1.0,75.0,
Dynamic Business Equipment,6/21/2022,16983.0,6/6/2022,KYOCERA,1.0,100.0,
Dynamic Business Equipment,6/21/2022,16983.0,6/6/2022,KYOCERA,1.0,100.0,
Dynamic Business Equipment,6/21/2022,16983.0,6/6/2022,KYOCERA,1.0,100.0,
Dynamic Business Equipment,6/21/2022,16983.0,6/6/2022,KYOCERA,1.0,75.0,
Dynamic Business Equipment,6/21/2022,16983.0,6/6/2022,KYOCERA,1.0,75.0,
Dynamic Business Equipment,6/21/2022,16983.0,6/6/2022,KYOCERA,1.0,75.0,
Dynamic Business Equipment,6/21/2022,16983.0,6/6/2022,KYOCERA,1.0,75.0,
Dynamic Business Equipment,6/21/2022,16983.0,6/6/2022,KYOCERA,1.0,75.0,
Dynamic Business Equipment,6/21/2022,16983.0,6/6/2022,KYOCERA,1.0,75.0,
Dynamic Business Equipment,6/21/2022,16983.0,6/6/2022,KYOCERA,1.0,100.0,
Dynamic Business Equipment,6/21/2022,16983.0,6/6/2022,KYOCERA,1.0,75.0,
Dynamic Business Equipment,6/21/2022,16983.0,6/6/2022,KYOCERA,1.0,75.0,
Dynamic Business Equipment,6/21/2022,16983.0,6/6/2022,KYOCERA,1.0,75.0,
Dynamic Business Equipment,6/21/2022,16983.0,6/6/2022,KYOCERA,1.0,100.0,
Dynamic Business Equipment,6/21/2022,16983.0,6/6/2022,KYOCERA,1.0,75.0,
Dynamic Business Equipment,6/21/2022,16983.0,6/6/2022,KYOCERA,1.0,75.0,
Dynamic Business Equipment,6/21/2022,16983.0,LOADING,LOADING,1.0,1600.0,
Dynamic Business Equipment,12/11/2022,17224.0,VOID:,LOADING,0.0,1600.0,
Dynamic Business Equipment,5/8/2023,17424.0,VOID:,KONICA MINOLTA,0.0,200.0,
Dynamic Business Equipment,5/8/2023,17424.0,VOID:,KONICA MINOLTA,0.0,200.0,
Dynamic Business Equipment,5/8/2023,17424.0,VOID:,RICOH,0.0,25.0,
Dynamic Business Equipment,5/8/2023,17424.0,VOID:,RICOH,0.0,175.0,
Dynamic Business Equipment,5/8/2023,17424.0,VOID:,XEROX,0.0,0.0,
Dynamic Business Equipment,5/8/2023,17424.0,TAG 33399,KONICA MINOLTA,0.0,200.0,
Dynamic Business Equipment,5/8/2023,17424.0,TAG 33400,KONICA MINOLTA,0.0,200.0,
Dynamic Business Equipment,5/8/2023,17424.0,VOID:,RICOH,0.0,0.0,
Dynamic Business Equipment,5/8/2023,17424.0,VOID:,RICOH,0.0,0.0,
Dynamic Business Equipment,5/8/2023,17424.0,VOID:,RICOH,0.0,70.0,
Dynamic Business Equipment,5/8/2023,17424.0,VOID:,KYOCERA,0.0,0.0,
Dynamic Business Equipment,5/8/2023,17424.0,VOID:,KONICA MINOLTA,0.0,150.0,
Dynamic Business Equipment,5/8/2023,17424.0,VOID:,XEROX,0.0,0.0,
Dynamic Business Equipment,5/8/2023,17424.0,VOID:,KONICA MINOLTA,0.0,125.0,
Dynamic Business Equipment,5/8/2023,17424.0,VOID:,COPYSTAR,0.0,0.0,
Dynamic Business Equipment,5/8/2023,17424.0,VOID:,RICOH,0.0,0.0,
Dynamic Business Equipment,5/8/2023,17424.0,VOID:,KONICA MINOLTA,0.0,175.0,
Dynamic Business Equipment,5/8/2023,17424.0,VOID:,RICOH,0.0,0.0,
Dynamic Business Equipment,5/8/2023,17424.0,LOADING,LOADING,0.0,1600.0,
Dynamic Business Equipment,8/16/2023,17544.0,LOADING,LOADING,1.0,1600.0,
Dynamic Business Equipment,8/16/2023,17544.0,0,LANIER,1.0,40.0,
Dynamic Business Equipment,8/16/2023,17544.0,PACKAGE OF OTHER MACHINES,PACKAGE  Inv,17.0,0.0,
Dynamic Business Equipment,10/24/2023,17674.0,LOADING,LOADING,0.0,1600.0,
Dynamic Business Equipment,11/28/2023,17681.0,MISSING BACK PANEL,KONICA MINOLTA,1.0,60.0,
Dynamic Business Equipment,11/28/2023,17681.0,11/1/2023,KONICA MINOLTA,1.0,60.0,
Dynamic Business Equipment,11/28/2023,17681.0,11/1/2023,SAVIN  Inv,1.0,125.0,
Dynamic Business Equipment,11/28/2023,17681.0,11/1/2023,KYOCERA,1.0,50.0,
Dynamic Business Equipment,11/28/2023,17681.0,11/1/2023,LANIER,1.0,125.0,
Dynamic Business Equipment,11/28/2023,17681.0,11/1/2023,LANIER,1.0,125.0,
Dynamic Business Equipment,11/28/2023,17681.0,11/1/2023,RICOH,1.0,100.0,
Dynamic Business Equipment,11/28/2023,17681.0,11/1/2023,RICOH,1.0,0.0,
Dynamic Business Equipment,11/28/2023,17681.0,11/1/2023,RICOH,1.0,125.0,
Dynamic Business Equipment,11/28/2023,17681.0,11/1/2023,RICOH,43.0,45.0,
Dynamic Business Equipment,11/28/2023,17681.0,11/1/2023,RICOH,1.0,20.0,
Dynamic Business Equipment,11/28/2023,17681.0,LOADING,LOADING,1.0,1600.0,
Dynamic Business Equipment,5/31/2024,17830.0,NO TAG,RICOH,1.0,125.0,
Dynamic Business Equipment,5/31/2024,17830.0,#39575,RICOH,1.0,80.0,
Dynamic Business Equipment,5/31/2024,17830.0,#38390,RICOH,1.0,175.0,
Dynamic Business Equipment,5/31/2024,17830.0,NO TAG,RICOH,1.0,85.0,
Dynamic Business Equipment,5/31/2024,17830.0,4/17/2024,RICOH,1.0,150.0,
Dynamic Business Equipment,5/31/2024,17830.0,4/17/2024,RICOH,1.0,85.0,
Dynamic Business Equipment,5/31/2024,17830.0,4/17/2024,RICOH,1.0,125.0,
Dynamic Business Equipment,5/31/2024,17830.0,4/17/2024,RICOH,1.0,125.0,
Dynamic Business Equipment,5/31/2024,17830.0,4/17/2024,RICOH,1.0,125.0,
Dynamic Business Equipment,5/31/2024,17830.0,4/17/2024,RICOH,1.0,80.0,
Dynamic Business Equipment,5/31/2024,17830.0,4/17/2024,RICOH,1.0,125.0,
Dynamic Business Equipment,5/31/2024,17830.0,4/17/2024,XEROX,1.0,85.0,
Dynamic Business Equipment,5/31/2024,17830.0,LOADING,LOADING,1.0,1600.0,
Dynamic Business Equipment,5/31/2024,17830.0,0,RICOH,1.0,100.0,
Dynamic Business Equipment,5/31/2024,17830.0,0,RICOH,1.0,100.0,
Dynamic Business Equipment,5/31/2024,17830.0,0,RICOH,1.0,100.0,
Dynamic Business Equipment,5/31/2024,17830.0,4/17/2024,ADJUSTMENT,1.0,-0.5,
e-Cycling Dominicano   C,9/30/2022,17150.0,toner,PACKAGE  Inv,1.0,3000.0,
Eagle Business Machines Inc.,12/2/2021,16673.0,TBC Shipping,FREIGHT,1.0,150.0,
Eagle Business Machines Inc.,1/3/2022,16689.0,Package discount,ADJUSTMENT,1.0,-600.0,
Eagle Business Machines Inc.,1/3/2022,16689.0,TBC Shipping,FREIGHT,1.0,150.0,
Eagle Business Machines Inc.,2/25/2022,16834.0,TBC SHIPPING,FREIGHT,1.0,150.0,
Eagle Business Machines Inc.,3/24/2022,16878.0,TBC Shipping,FREIGHT,0.0,150.0,
Eagle Business Machines Inc.,4/6/2022,16903.0,,RICOH,1.0,4800.0,
Eagle Business Machines Inc.,4/6/2022,16903.0,TBC Shipping,FREIGHT,1.0,250.0,
Eagle Business Machines Inc.,4/29/2022,16919.0,Package price,ADJUSTMENT,1.0,-175.0,
Eagle Business Machines Inc.,4/29/2022,16919.0,tbc Shipping,FREIGHT,1.0,250.0,
Eagle Business Machines Inc.,5/10/2022,16937.0,for MP7503 damaged on last order,RICOH,1.0,0.0,
Eagle Business Machines Inc.,5/10/2022,16937.0,TBC Shipping,FREIGHT,1.0,250.0,
Eagle Business Machines Inc.,6/1/2022,16972.0,TBC Shipping,FREIGHT,1.0,250.0,
Eagle Business Machines Inc.,8/11/2022,17059.0,TBC Shipping (fee waived),FREIGHT,1.0,0.0,
Eagle Business Machines Inc.,12/21/2022,17242.0,TBC Shipping,FREIGHT,1.0,250.0,
EBS of New Jersey                       C,11/1/2022,17185.0,TBC Shipping,FREIGHT,1.0,150.0,
Edge Business Systems,10/1/2020,15991.0,Moe Shipping,FREIGHT,1.0,225.0,
Edge Business Systems,10/1/2020,15991.0,3% credit card fee,Credit Card Fee,1.0,41.25,
Edge Business Systems,6/18/2021,16393.0,MOE TRANS,FREIGHT,1.0,360.0,
Edge Business Systems,6/18/2021,16393.0,4 trays/fax/hang-on-fin,CANON,1.0,600.0,
Edge Business Systems,6/18/2021,16393.0,3% CREDIT CARD FEE (AMEX),Credit Card Fee,1.0,82.8,
Edge Business Systems,11/2/2021,16615.0,Moe Trans,FREIGHT,1.0,175.0,
Edge Business Systems,11/2/2021,16615.0,3% Amex fee,Credit Card Fee,1.0,117.75,
Edge Business Systems,3/24/2022,16874.0,MOE Trans,FREIGHT,1.0,700.0,
Edge Business Systems,3/24/2022,16874.0,3% Amex fee,Credit Card Fee,1.0,381.0,
Edge Business Systems,7/18/2022,17030.0,TTR Shipping,FREIGHT,1.0,434.0,
Edge Business Systems,7/18/2022,17030.0,3% Amex fee,Credit Card Fee,1.0,67.02,
Edge Business Systems,5/24/2023,17459.0,TTR Shipping,FREIGHT,1.0,420.0,
Edge Business Systems,5/24/2023,17459.0,,Credit Card Fee,1.0,96.6,
Edge Business Systems,9/19/2023,17631.0,Moe,FREIGHT,1.0,630.0,
Edge Business Systems,9/19/2023,17631.0,Package price,ADJUSTMENT,1.0,-130.0,
Edge Business Systems,9/19/2023,17631.0,Credit card fee,Credit Card Fee,1.0,255.0,
Edge Business Systems,3/15/2024,17809.0,MOE,FREIGHT,0.0,402.5,
Edge Business Systems,4/16/2024,17828.0,MOE,FREIGHT,1.0,425.0,
Edge Business Systems,4/16/2024,17828.0,3% Amex fee,Credit Card Fee,1.0,117.75,
ElectroGreen Global Inc.,10/10/2023,17658.0,PACKAGE @.05,PACKAGE  Inv,1.0,1355.0,
ElectroGreen Global Inc.,10/17/2023,17668.0,Package @.05,PACKAGE  Inv,1.0,1309.0,
ElectroGreen Global Inc.,11/28/2023,17710.0,CONTAINER #3 @.06,PACKAGE  Inv,1.0,1134.0,
Electronic Way Trading,2/2/2022,16787.0,LOADING,LOADING,0.0,1600.0,
EPEX JAMSHID,1/26/2021,16195.0,W/FINISHER,RISO,1.0,0.0,
EPEX JAMSHID,1/26/2021,16195.0,,RISO,1.0,0.0,
EPEX JAMSHID,1/26/2021,16195.0,NO EXIT TRAY,RISO,1.0,0.0,
EPEX JAMSHID,1/26/2021,16195.0,PARTS MACHINE,RISO,1.0,0.0,
Equipment Brokers Unlimited,9/14/2020,15928.0,,RICOH,1.0,0.0,
Equipment Brokers Unlimited,9/14/2020,15928.0,FINISHERS,RICOH,1.0,0.0,
Equipment Brokers Unlimited,9/17/2020,15939.0,,RICOH,1.0,0.0,
Equipment Brokers Unlimited,9/17/2020,15939.0,FINISHER,RICOH,1.0,0.0,
Equipment Brokers Unlimited,3/9/2022,16861.0,package discount,ADJUSTMENT,1.0,-200.0,
Equipment Brokers Unlimited,8/29/2022,17096.0,"Brand New, Box Opened for inspection.",RICOH,1.0,3182.0,
Equipment Brokers Unlimited,5/16/2023,17440.0,package deal,ADJUSTMENT,1.0,-300.0,
Equipment Brokers Unlimited,6/21/2023,17499.0,Package Discount,ADJUSTMENT,1.0,-945.0,
eWaste ePlanet    C,4/30/2023,17429.0,C6004 FINISHER,RICOH,0.0,225.0,
eWaste ePlanet    C,4/30/2023,17429.0,FREIGHT,FREIGHT,0.0,325.0,
EXCELSIOR DIGITAL,1/22/2024,17757.0,FINISHER W/39299,RICOH,0.0,0.0,
EXCELSIOR DIGITAL,1/22/2024,17757.0,FINISHER W/MPC6503,RICOH,0.0,0.0,
EXCELSIOR DIGITAL,1/22/2024,17757.0,FREIGHT,FREIGHT,0.0,795.0,
FCS - Foshan City State Essence,9/28/2020,15954.0,Invoice moved from old QB for inventory removal and payment receipt.,ADJUSTMENT,1.0,15085.0,
FCS - Foshan City State Essence,10/29/2020,16001.0,LOADING W/IPPC WOOD,LOADING,1.0,1300.0,
FCS - Foshan City State Essence,10/29/2020,16001.0,FREIGHT,FREIGHT,1.0,3080.0,
FCS - Foshan City State Essence,10/29/2020,16001.0,FINISHER,RICOH,1.0,0.0,
FCS - Foshan City State Essence,10/29/2020,16001.0,FINISHER,RICOH,1.0,0.0,
FCS - Foshan City State Essence,10/29/2020,16001.0,FINISHER,RICOH,1.0,0.0,
FCS - Foshan City State Essence,10/29/2020,16001.0,FINISHER,RICOH,1.0,0.0,
FCS - Foshan City State Essence,10/29/2020,16001.0,FINISHER,RICOH,1.0,0.0,
FCS - Foshan City State Essence,10/29/2020,16001.0,FINISHER,RICOH,1.0,0.0,
FCS - Foshan City State Essence,10/29/2020,16001.0,FINISHER,RICOH,1.0,0.0,
FCS - Foshan City State Essence,10/29/2020,16001.0,FINISHER,RICOH,1.0,0.0,
FCS - Foshan City State Essence,10/29/2020,16001.0,FINISHER,RICOH,1.0,0.0,
FCS - Foshan City State Essence,10/29/2020,16001.0,FINISHER,RICOH,1.0,0.0,
FCS - Foshan City State Essence,10/29/2020,16001.0,FINISHER,RICOH,1.0,0.0,
FCS - Foshan City State Essence,10/29/2020,16001.0,FINISHER,RICOH,1.0,0.0,
FCS - Foshan City State Essence,10/29/2020,16001.0,FINISHER,CANON,1.0,0.0,
FCS - Foshan City State Essence,10/29/2020,16001.0,FINISHER,CANON,1.0,0.0,
FCS - Foshan City State Essence,10/29/2020,16001.0,S/N W8652300508  NO FINISHER,SAVIN,1.0,1375.0,
FCS - Foshan City State Essence,10/29/2020,16001.0,FINISHER,CANON,1.0,0.0,
FCS - Foshan City State Essence,10/29/2020,16001.0,NO FINISHER,CANON,1.0,1200.0,
FCS - Foshan City State Essence,10/29/2020,16001.0,10/16/2020,CANON,1.0,1400.0,
FCS - Foshan City State Essence,10/29/2020,16001.0,FINISHER,CANON,1.0,0.0,
FCS - Foshan City State Essence,10/29/2020,16001.0,10/16/2020,CANON,1.0,1400.0,
FCS - Foshan City State Essence,10/29/2020,16001.0,FINISHER,CANON,1.0,0.0,
FCS - Foshan City State Essence,10/29/2020,16001.0,10/16/2020,CANON,1.0,1400.0,
FCS - Foshan City State Essence,10/29/2020,16001.0,FINISHER,CANON,1.0,0.0,
FCS - Foshan City State Essence,10/29/2020,16001.0,10/16/2020,CANON,1.0,1100.0,
FCS - Foshan City State Essence,10/29/2020,16001.0,FINISHER,CANON,1.0,0.0,
FCS - Foshan City State Essence,10/29/2020,16001.0,10/16/2020,CANON,1.0,1100.0,
FCS - Foshan City State Essence,10/29/2020,16001.0,FINISHER,CANON,1.0,0.0,
FCS - Foshan City State Essence,10/29/2020,16001.0,10/16/2020,CANON,1.0,1100.0,
FCS - Foshan City State Essence,10/29/2020,16001.0,FINISHER,CANON,1.0,0.0,
FCS - Foshan City State Essence,10/29/2020,16001.0,10/16/2020,CANON,1.0,1400.0,
FCS - Foshan City State Essence,10/29/2020,16001.0,FINISHER,CANON,1.0,0.0,
FCS - Foshan City State Essence,10/29/2020,16001.0,10/16/2020,CANON,1.0,1100.0,
FCS - Foshan City State Essence,10/29/2020,16001.0,FINISHER,CANON,1.0,0.0,
FCS - Foshan City State Essence,10/29/2020,16001.0,10/16/2020,CANON,1.0,1400.0,
FCS - Foshan City State Essence,10/29/2020,16001.0,FINISHER,CANON,1.0,0.0,
FCS - Foshan City State Essence,10/29/2020,16001.0,10/16/2020,CANON,1.0,1400.0,
FCS - Foshan City State Essence,11/5/2020,16042.0,FINISHER,RICOH,1.0,0.0,
FCS - Foshan City State Essence,11/5/2020,16042.0,FINISHER,RICOH,1.0,0.0,
FCS - Foshan City State Essence,11/5/2020,16042.0,LOADING W/IPPC WOOD,LOADING,1.0,1300.0,
FCS - Foshan City State Essence,11/5/2020,16042.0,FREIGHT,FREIGHT,1.0,3080.0,
FCS - Foshan City State Essence,11/5/2020,16042.0,S/N CN7CK6H04Q,HP,1.0,300.0,
FCS - Foshan City State Essence,11/5/2020,16042.0,SCANNER,CANON,1.0,0.0,
FCS - Foshan City State Essence,11/5/2020,16042.0,,EPSON,1.0,200.0,
FCS - Foshan City State Essence,11/5/2020,16042.0,FINISHER S/N E433QA10413,SAVIN,1.0,0.0,
FCS - Foshan City State Essence,11/5/2020,16042.0,CONTROLLER,CANON,1.0,0.0,
FCS - Foshan City State Essence,11/5/2020,16042.0,S/N W874L400054,SAVIN,1.0,1375.0,
FCS - Foshan City State Essence,11/5/2020,16042.0,S/N W875L700141,SAVIN,1.0,1375.0,
FCS - Foshan City State Essence,11/5/2020,16042.0,S/N W875L700131,SAVIN,1.0,1375.0,
FCS - Foshan City State Essence,11/5/2020,16042.0,,RICOH,1.0,1375.0,
FCS - Foshan City State Essence,11/5/2020,16042.0,,SHARP,1.0,150.0,
FCS - Foshan City State Essence,11/20/2020,16096.0,LOADING W/IPPC WOOD,LOADING,1.0,1300.0,
FCS - Foshan City State Essence,11/20/2020,16096.0,FREIGHT,FREIGHT,1.0,3080.0,
FCS - Foshan City State Essence,11/20/2020,16096.0,FINISHER,RICOH,1.0,0.0,
FCS - Foshan City State Essence,11/20/2020,16096.0,FINISHER,RICOH,1.0,0.0,
FCS - Foshan City State Essence,11/20/2020,16096.0,S/N L5830500262 FINISHER,SAVIN,1.0,0.0,
FCS - Foshan City State Essence,12/16/2020,16126.0,LOADING,LOADING,1.0,1300.0,
FCS - Foshan City State Essence,12/16/2020,16126.0,FREIGHT,FREIGHT,1.0,3080.0,
FCS - Foshan City State Essence,12/16/2020,16126.0,SCANNER,CANON,1.0,100.0,
FCS - Foshan City State Essence,12/16/2020,16126.0,SCANNER,CANON,1.0,100.0,
FCS - Foshan City State Essence,12/16/2020,16126.0,FINISHER,CANON,1.0,0.0,
FCS - Foshan City State Essence,12/16/2020,16126.0,12/8/2020,KONICA MINOLTA,1.0,300.0,
FCS - Foshan City State Essence,12/16/2020,16126.0,12/8/2020,CANON,1.0,200.0,
FCS - Foshan City State Essence,12/16/2020,16126.0,2 ROLLS,KIP,1.0,4400.0,
FCS - Foshan City State Essence,12/16/2020,16126.0,2 ROLLS,KIP,1.0,4400.0,
FCS - Foshan City State Essence,12/17/2020,16130.0,LOADING W/IPPC WOOD,LOADING,1.0,1300.0,
FCS - Foshan City State Essence,12/17/2020,16130.0,FREIGHT,FREIGHT,1.0,3080.0,
FCS - Foshan City State Essence,12/17/2020,16130.0,SCANNER,CANON,1.0,0.0,
FCS - Foshan City State Essence,12/17/2020,16130.0,FINISHER,RICOH,1.0,0.0,
FCS - Foshan City State Essence,12/17/2020,16130.0,,SHARP,1.0,360.0,
FCS - Foshan City State Essence,12/29/2020,16148.0,TAG #8222,KONICA MINOLTA,1.0,530.0,
FCS - Foshan City State Essence,12/29/2020,16148.0,TAG 9244,RICOH,1.0,300.0,
FCS - Foshan City State Essence,12/29/2020,16148.0,FINISHER W/11169,SHARP,1.0,0.0,
FCS - Foshan City State Essence,12/29/2020,16148.0,W/11169,SHARP,1.0,0.0,
FCS - Foshan City State Essence,12/29/2020,16148.0,FINISHER W/11170,SHARP,1.0,0.0,
FCS - Foshan City State Essence,12/29/2020,16148.0,W/11170,SHARP,1.0,0.0,
FCS - Foshan City State Essence,12/29/2020,16155.0,LOADING,LOADING,1.0,1300.0,
FCS - Foshan City State Essence,12/29/2020,16155.0,FREIGHT,FREIGHT,1.0,3080.0,
FCS - Foshan City State Essence,12/29/2020,16148.0,LOADING,LOADING,1.0,1300.0,
FCS - Foshan City State Essence,12/29/2020,16148.0,FREIGHT,FREIGHT,1.0,3080.0,
FCS - Foshan City State Essence,12/29/2020,16155.0,FINISHER,CANON,1.0,0.0,
FCS - Foshan City State Essence,12/29/2020,16155.0,FINISHER,CANON,1.0,0.0,
FCS - Foshan City State Essence,12/29/2020,16155.0,"S/N JAID10425 W/SR5000, RT5030",SAVIN,1.0,2600.0,
FCS - Foshan City State Essence,12/29/2020,16155.0,S/N L5830600087 FINISHER,SAVIN,1.0,0.0,
FCS - Foshan City State Essence,12/29/2020,16155.0,S/N V5610800212 LCT,SAVIN,1.0,0.0,
FCS - Foshan City State Essence,12/29/2020,16155.0,LCT,SHARP,1.0,0.0,
FCS - Foshan City State Essence,12/29/2020,16155.0,LCT,SHARP,1.0,0.0,
FCS - Foshan City State Essence,1/8/2021,16162.0,LOADING,LOADING,1.0,1300.0,
FCS - Foshan City State Essence,1/8/2021,16162.0,FREIGHT,FREIGHT,1.0,3080.0,
FCS - Foshan City State Essence,1/8/2021,16162.0,S/N C267Q610707 FINISHER W9003,SAVIN,1.0,0.0,
FCS - Foshan City State Essence,1/8/2021,16162.0,S/N C267Q712019 FINISHER W/9003,SAVIN,1.0,0.0,
FCS - Foshan City State Essence,1/8/2021,16162.0,S/N C267Q711048 FINISHER W/9003,SAVIN,1.0,0.0,
FCS - Foshan City State Essence,1/8/2021,16162.0,W/MX904,SHARP,1.0,0.0,
FCS - Foshan City State Essence,1/8/2021,16162.0,FINISHER W/MX904,SHARP,1.0,0.0,
FCS - Foshan City State Essence,1/8/2021,16162.0,W/MXM1054,SHARP,1.0,0.0,
FCS - Foshan City State Essence,1/8/2021,16162.0,FINISHER W/MXM1054,SHARP,1.0,0.0,
FCS - Foshan City State Essence,1/14/2021,16178.0,"OHCF LCT, EXI FIERY/FINISHER",XEROX,1.0,5000.0,
FCS - Foshan City State Essence,1/14/2021,16178.0,LOADING,LOADING,1.0,1300.0,
FCS - Foshan City State Essence,1/14/2021,16178.0,FREIGHT,FREIGHT,1.0,3080.0,
FCS - Foshan City State Essence,1/14/2021,16178.0,FIERY,KONICA MINOLTA,1.0,0.0,
FCS - Foshan City State Essence,1/14/2021,16178.0,FINISHER,SHARP,1.0,0.0,
FCS - Foshan City State Essence,1/14/2021,16178.0,OTHER,SHARP,1.0,0.0,
FCS - Foshan City State Essence,1/14/2021,16178.0,FINISHER,RICOH,1.0,0.0,
FCS - Foshan City State Essence,1/14/2021,16178.0,FINISHER,RICOH,1.0,0.0,
FCS - Foshan City State Essence,1/14/2021,16178.0,FINISHER,RICOH,1.0,0.0,
FCS - Foshan City State Essence,1/14/2021,16178.0,FINISHER,RICOH,1.0,0.0,
FCS - Foshan City State Essence,1/14/2021,16178.0,FINISHER,RICOH,1.0,0.0,
FCS - Foshan City State Essence,1/29/2021,16200.0,"C-313 CONTROLLER, EFI BUNDLE, 22"" FACI+CPS=+IMP+JM, PF707 SUCTION FEEDER, FD503 MULTIFOLDING UNI...",KONICA MINOLTA,1.0,9500.0,
FCS - Foshan City State Essence,1/29/2021,16200.0,S/N CN49N9HOOW,HP,1.0,1500.0,
FCS - Foshan City State Essence,1/29/2021,16200.0,,CANON,1.0,300.0,
FCS - Foshan City State Essence,1/29/2021,16200.0,,CANON,1.0,200.0,
FCS - Foshan City State Essence,1/29/2021,16200.0,,CANON,1.0,300.0,
FCS - Foshan City State Essence,1/29/2021,16200.0,,SHARP,1.0,75.0,
FCS - Foshan City State Essence,1/29/2021,16200.0,,SHARP,1.0,75.0,
FCS - Foshan City State Essence,1/29/2021,16200.0,,SHARP,1.0,75.0,
FCS - Foshan City State Essence,1/29/2021,16200.0,,SHARP,1.0,100.0,
FCS - Foshan City State Essence,1/29/2021,16200.0,,SHARP,1.0,100.0,
FCS - Foshan City State Essence,1/29/2021,16200.0,,SHARP,1.0,100.0,
FCS - Foshan City State Essence,1/29/2021,16200.0,,SHARP,1.0,100.0,
FCS - Foshan City State Essence,1/29/2021,16200.0,,SHARP,1.0,100.0,
FCS - Foshan City State Essence,1/29/2021,16200.0,,COPYSTAR,1.0,50.0,
FCS - Foshan City State Essence,1/29/2021,16200.0,,KYOCERA,1.0,75.0,
FCS - Foshan City State Essence,1/29/2021,16200.0,,KYOCERA,1.0,50.0,
FCS - Foshan City State Essence,1/29/2021,16200.0,S/N G145R500270,SAVIN,1.0,250.0,
FCS - Foshan City State Essence,1/29/2021,16200.0,S/N G145R800332,SAVIN,1.0,250.0,
FCS - Foshan City State Essence,1/29/2021,16200.0,,RICOH,1.0,250.0,
FCS - Foshan City State Essence,1/29/2021,16200.0,,RICOH,1.0,450.0,
FCS - Foshan City State Essence,1/29/2021,16200.0,S/N G175R430092,SAVIN,1.0,450.0,
FCS - Foshan City State Essence,1/29/2021,16200.0,,RICOH,1.0,450.0,
FCS - Foshan City State Essence,1/29/2021,16200.0,,SHARP,1.0,100.0,
FCS - Foshan City State Essence,1/29/2021,16200.0,,SHARP,1.0,100.0,
FCS - Foshan City State Essence,1/29/2021,16200.0,,SHARP,1.0,100.0,
FCS - Foshan City State Essence,1/29/2021,16200.0,,SHARP,1.0,100.0,
FCS - Foshan City State Essence,1/29/2021,16200.0,,RICOH,1.0,250.0,
FCS - Foshan City State Essence,1/29/2021,16200.0,,RICOH,1.0,500.0,
FCS - Foshan City State Essence,1/29/2021,16200.0,,SHARP,1.0,75.0,
FCS - Foshan City State Essence,1/29/2021,16200.0,,SHARP,1.0,100.0,
FCS - Foshan City State Essence,1/29/2021,16200.0,LOADING,LOADING,1.0,1300.0,
FCS - Foshan City State Essence,1/29/2021,16200.0,FREIGHT,FREIGHT,1.0,3080.0,
FCS - Foshan City State Essence,1/29/2021,16200.0,FINISHER,RICOH,1.0,0.0,
FCS - Foshan City State Essence,1/29/2021,16200.0,,SHARP,1.0,100.0,
FCS - Foshan City State Essence,1/29/2021,16200.0,CN21V7K021,HP,1.0,1500.0,
FCS - Foshan City State Essence,1/29/2021,16200.0,G175R830477,SAVIN,1.0,450.0,
FCS - Foshan City State Essence,1/29/2021,16200.0,,KYOCERA,1.0,50.0,
FCS - Foshan City State Essence,1/29/2021,16200.0,,KYOCERA,1.0,50.0,
FCS - Foshan City State Essence,1/29/2021,16200.0,4 ROLLS,KIP,1.0,5500.0,
FCS - Foshan City State Essence,1/29/2021,16200.0,,KYOCERA,1.0,50.0,
FCS - Foshan City State Essence,1/29/2021,16200.0,S/N W865L000150,SAVIN,1.0,1700.0,
FCS - Foshan City State Essence,1/29/2021,16200.0,,SHARP,1.0,100.0,
FCS - Foshan City State Essence,2/3/2021,16215.0,FINISHER,RICOH,1.0,0.0,
FCS - Foshan City State Essence,2/3/2021,16215.0,LCT,RICOH,1.0,0.0,
FCS - Foshan City State Essence,2/3/2021,16215.0,LOADING W/IPPC WOOD,LOADING,1.0,1300.0,
FCS - Foshan City State Essence,2/3/2021,16215.0,FREIGHT,FREIGHT,1.0,3080.0,
FCS - Foshan City State Essence,2/3/2021,16215.0,FINISHER,CANON,1.0,0.0,
FCS - Foshan City State Essence,2/3/2021,16215.0,FINISHER,CANON,1.0,0.0,
FCS - Foshan City State Essence,2/3/2021,16215.0,FINISHER,CANON,1.0,0.0,
FCS - Foshan City State Essence,2/3/2021,16215.0,S/N W864L600622,SAVIN,1.0,1700.0,
FCS - Foshan City State Essence,2/3/2021,16215.0,S/N W933Q701813 FINISHER,SAVIN,1.0,0.0,
FCS - Foshan City State Essence,2/3/2021,16215.0,FINISHER,LANIER,1.0,0.0,
FCS - Foshan City State Essence,2/3/2021,16215.0,FINISHER,RICOH,1.0,0.0,
FCS - Foshan City State Essence,2/3/2021,16215.0,FINISHER,RICOH,1.0,0.0,
FCS - Foshan City State Essence,2/3/2021,16215.0,,RICOH,1.0,1700.0,
FCS - Foshan City State Essence,2/3/2021,16215.0,FINISHER,RICOH,1.0,0.0,
FCS - Foshan City State Essence,2/3/2021,16215.0,S/N W933Q300619 FINISHER,SAVIN,1.0,0.0,
FCS - Foshan City State Essence,2/3/2021,16215.0,S/N W935Q600574 FINISHER,SAVIN,1.0,0.0,
FCS - Foshan City State Essence,2/3/2021,16215.0,S/N W935Q911957 FINISHER,SAVIN,1.0,0.0,
FCS - Foshan City State Essence,2/3/2021,16215.0,S/N W935QB10160 FINISHER,SAVIN,1.0,0.0,
FCS - Foshan City State Essence,2/3/2021,16215.0,,RICOH,1.0,9000.0,
FCS - Foshan City State Essence,2/3/2021,16215.0,FINISHER,RICOH,1.0,0.0,
FCS - Foshan City State Essence,2/3/2021,16215.0,LCT,RICOH,1.0,0.0,
FCS - Foshan City State Essence,2/3/2021,16215.0,FIERY,RICOH,1.0,0.0,
FCS - Foshan City State Essence,2/3/2021,16215.0,OTHER,RICOH,1.0,0.0,
FCS - Foshan City State Essence,2/11/2021,16202.0,2/2/2021,CANON,1.0,100.0,
FCS - Foshan City State Essence,2/11/2021,16202.0,2/2/2021,RICOH,1.0,350.0,
FCS - Foshan City State Essence,2/11/2021,16202.0,2/2/2021,XEROX,1.0,80.0,
FCS - Foshan City State Essence,2/11/2021,16202.0,2/2/2021,XEROX,1.0,120.0,
FCS - Foshan City State Essence,2/11/2021,16202.0,2/2/2021,XEROX,1.0,120.0,
FCS - Foshan City State Essence,2/11/2021,16202.0,2/2/2021,XEROX,1.0,80.0,
FCS - Foshan City State Essence,2/11/2021,16202.0,2/2/2021,XEROX,1.0,120.0,
FCS - Foshan City State Essence,2/11/2021,16202.0,2/2/2021,XEROX,1.0,80.0,
FCS - Foshan City State Essence,2/11/2021,16202.0,2/2/2021,XEROX,1.0,120.0,
FCS - Foshan City State Essence,2/11/2021,16202.0,2/2/2021,XEROX,1.0,120.0,
FCS - Foshan City State Essence,2/11/2021,16202.0,2/2/2021,XEROX,1.0,80.0,
FCS - Foshan City State Essence,2/11/2021,16202.0,2/2/2021,XEROX,1.0,120.0,
FCS - Foshan City State Essence,2/11/2021,16202.0,2/2/2021,XEROX,1.0,120.0,
FCS - Foshan City State Essence,2/11/2021,16202.0,2/2/2021,XEROX,1.0,120.0,
FCS - Foshan City State Essence,2/11/2021,16202.0,FINISHER,RICOH,1.0,0.0,
FCS - Foshan City State Essence,2/11/2021,16202.0,FINISHER,RICOH,1.0,0.0,
FCS - Foshan City State Essence,2/11/2021,16202.0,FINISHER,RICOH,1.0,0.0,
FCS - Foshan City State Essence,2/11/2021,16202.0,FINISHER,RICOH,1.0,0.0,
FCS - Foshan City State Essence,2/11/2021,16202.0,FINISHER,RICOH,1.0,0.0,
FCS - Foshan City State Essence,2/11/2021,16202.0,FINISHER,RICOH,1.0,0.0,
FCS - Foshan City State Essence,2/11/2021,16202.0,FINISHER,RICOH,1.0,0.0,
FCS - Foshan City State Essence,2/11/2021,16202.0,FINISHER,RICOH,1.0,0.0,
FCS - Foshan City State Essence,2/11/2021,16202.0,LOADING W/IPPC WOOD,LOADING,1.0,1300.0,
FCS - Foshan City State Essence,2/11/2021,16202.0,FREIGHT,FREIGHT,1.0,3080.0,
FCS - Foshan City State Essence,2/25/2021,16232.0,LOADING W/IPPC WOOD,LOADING,1.0,1400.0,
FCS - Foshan City State Essence,2/25/2021,16232.0,FREIGHT,FREIGHT,1.0,3080.0,
FCS - Foshan City State Essence,3/11/2021,16251.0,LOADING W/IPPC WOOD,LOADING,1.0,1400.0,
FCS - Foshan City State Essence,3/11/2021,16251.0,FREIGHT,FREIGHT,1.0,3330.0,
FCS - Foshan City State Essence,3/11/2021,16251.0,,RICOH,1.0,9000.0,
FCS - Foshan City State Essence,3/11/2021,16251.0,LCT W/C9110,RICOH,1.0,0.0,
FCS - Foshan City State Essence,3/11/2021,16251.0,FIERY W/C9110,RICOH,1.0,0.0,
FCS - Foshan City State Essence,3/31/2021,16275.0,LOADING W/IPPC WOOD,LOADING,1.0,1400.0,
FCS - Foshan City State Essence,3/31/2021,16275.0,FREIGHT,FREIGHT,1.0,3605.0,
FCS - Foshan City State Essence,3/31/2021,16275.0,3/24/2021,SHARP,1.0,600.0,
FCS - Foshan City State Essence,3/31/2021,16275.0,3/24/2021,CANON,1.0,225.0,
FCS - Foshan City State Essence,3/31/2021,16275.0,3/24/2021,SHARP,1.0,450.0,
FCS - Foshan City State Essence,3/31/2021,16275.0,3/24/2021,SHARP,1.0,630.0,
FCS - Foshan City State Essence,3/31/2021,16275.0,3/24/2021,SHARP,1.0,630.0,
FCS - Foshan City State Essence,3/31/2021,16275.0,3/24/2021,CANON,1.0,225.0,
FCS - Foshan City State Essence,3/31/2021,16275.0,3/24/2021,CANON,1.0,225.0,
FCS - Foshan City State Essence,4/1/2021,16284.0,,HP,1.0,10000.0,
FCS - Foshan City State Essence,4/1/2021,16284.0,LOADING W/IPPC WOOD,LOADING,1.0,1400.0,
FCS - Foshan City State Essence,4/1/2021,16284.0,FREIGHT,FREIGHT,1.0,3330.0,
FCS - Foshan City State Essence,4/1/2021,16284.0,FINISHER S/N C268Q11583,SAVIN,1.0,0.0,
FCS - Foshan City State Essence,4/1/2021,16284.0,FINISHER,SHARP,1.0,0.0,
FCS - Foshan City State Essence,4/1/2021,16284.0,,LANIER,1.0,515.0,
FCS - Foshan City State Essence,4/1/2021,16284.0,S/N51367  (OTHER),HP,1.0,0.0,
FCS - Foshan City State Essence,4/1/2021,16284.0,S/N 071309 (FIERY),HP,1.0,0.0,
FCS - Foshan City State Essence,4/1/2021,16284.0,S/N MKT1228 (OTHER),HP,1.0,0.0,
FCS - Foshan City State Essence,4/1/2021,16284.0,S/N BS1611ICY002 (OTHER),HP,1.0,0.0,
FCS - Foshan City State Essence,4/1/2021,16284.0,S/N IL30006429 (OTHER),HP,1.0,0.0,
FCS - Foshan City State Essence,4/1/2021,16284.0,FINISHER,RICOH,1.0,0.0,
FCS - Foshan City State Essence,4/1/2021,16284.0,FINISHER,RICOH,1.0,0.0,
FCS - Foshan City State Essence,4/1/2021,16284.0,FINISHER,RICOH,1.0,0.0,
FCS - Foshan City State Essence,4/1/2021,16284.0,FINISHER,RICOH,1.0,0.0,
FCS - Foshan City State Essence,4/1/2021,16284.0,FINISHER,RICOH,1.0,0.0,
FCS - Foshan City State Essence,4/1/2021,16284.0,FINISHER,RICOH,1.0,0.0,
FCS - Foshan City State Essence,4/1/2021,16284.0,FINISHER,RICOH,1.0,0.0,
FCS - Foshan City State Essence,4/1/2021,16284.0,FINISHER,RICOH,1.0,0.0,
FCS - Foshan City State Essence,4/1/2021,16284.0,FINISHER,RICOH,1.0,0.0,
FCS - Foshan City State Essence,4/30/2021,16314.0,LOADING W/IPPC WOOD,LOADING,1.0,1400.0,
FCS - Foshan City State Essence,4/30/2021,16314.0,FREIGHT,FREIGHT,1.0,3630.0,
FCS - Foshan City State Essence,4/30/2021,16314.0,FREIGHT DIFF FOR 45' FOR INV 16284,FREIGHT,1.0,200.0,
FCS - Foshan City State Essence,4/30/2021,16314.0,FIERY FOR 13919,XEROX,1.0,0.0,
FCS - Foshan City State Essence,4/30/2021,16314.0,4/22/2021,SHARP,1.0,125.0,
FCS - Foshan City State Essence,4/30/2021,16314.0,4/22/2021,SHARP,1.0,125.0,
FCS - Foshan City State Essence,4/30/2021,16314.0,4/22/2021,SHARP,1.0,125.0,
FCS - Foshan City State Essence,4/30/2021,16314.0,4/22/2021,SHARP,1.0,125.0,
FCS - Foshan City State Essence,4/30/2021,16314.0,4/22/2021,SHARP,1.0,300.0,
FCS - Foshan City State Essence,4/30/2021,16314.0,4/22/2021,SHARP,1.0,450.0,
FCS - Foshan City State Essence,4/30/2021,16314.0,4/22/2021,CANON,1.0,175.0,
FCS - Foshan City State Essence,4/30/2021,16314.0,4/22/2021,CANON,1.0,175.0,
FCS - Foshan City State Essence,4/30/2021,16314.0,4/22/2021,CANON,1.0,175.0,
FCS - Foshan City State Essence,4/30/2021,16314.0,4/22/2021,CANON,1.0,175.0,
FCS - Foshan City State Essence,4/30/2021,16314.0,4/22/2021,CANON,1.0,175.0,
FCS - Foshan City State Essence,4/30/2021,16314.0,4/22/2021,SHARP,1.0,600.0,
FCS - Foshan City State Essence,4/30/2021,16314.0,4/22/2021,SHARP,1.0,600.0,
FCS - Foshan City State Essence,4/30/2021,16314.0,4/22/2021,SHARP,1.0,600.0,
FCS - Foshan City State Essence,4/30/2021,16314.0,4/22/2021,SHARP,1.0,600.0,
FCS - Foshan City State Essence,4/30/2021,16314.0,4/22/2021,RICOH,1.0,750.0,
FCS - Foshan City State Essence,5/12/2021,16321.0,LOADING W/IPPC WOOD,LOADING,1.0,1400.0,
FCS - Foshan City State Essence,5/12/2021,16321.0,FREIGHT,FREIGHT,1.0,3430.0,
FCS - Foshan City State Essence,5/12/2021,16321.0,5/3/2021,RICOH,1.0,125.0,
FCS - Foshan City State Essence,5/12/2021,16321.0,LCT W/13819,SHARP,1.0,0.0,
FCS - Foshan City State Essence,5/12/2021,16321.0,FINISHER W/13819,SHARP,1.0,0.0,
FCS - Foshan City State Essence,5/12/2021,16321.0,5/3/2021,EPSON,1.0,200.0,
FCS - Foshan City State Essence,5/12/2021,16321.0,5/3/2021,EPSON,1.0,200.0,
FCS - Foshan City State Essence,5/12/2021,16321.0,4 ROLLS,KIP,1.0,6500.0,
FCS - Foshan City State Essence,5/12/2021,16321.0,SCANNER,KIP,1.0,0.0,
FCS - Foshan City State Essence,5/12/2021,16321.0,5/3/2021,SHARP,1.0,300.0,
FCS - Foshan City State Essence,5/12/2021,16321.0,5/3/2021,KONICA MINOLTA,1.0,700.0,
FCS - Foshan City State Essence,5/12/2021,16321.0,5/3/2021,KONICA MINOLTA,1.0,700.0,
FCS - Foshan City State Essence,5/12/2021,16321.0,5/3/2021,KONICA MINOLTA,1.0,700.0,
FCS - Foshan City State Essence,5/12/2021,16321.0,5/3/2021,KONICA MINOLTA,1.0,700.0,
FCS - Foshan City State Essence,5/12/2021,16321.0,5/3/2021,KYOCERA,1.0,250.0,
FCS - Foshan City State Essence,5/12/2021,16321.0,5/3/2021,SHARP,1.0,600.0,
FCS - Foshan City State Essence,5/12/2021,16321.0,5/3/2021,SHARP,1.0,400.0,
FCS - Foshan City State Essence,5/12/2021,16321.0,5/3/2021,SHARP,1.0,300.0,
FCS - Foshan City State Essence,5/12/2021,16321.0,5/3/2021,SHARP,1.0,300.0,
FCS - Foshan City State Essence,5/12/2021,16321.0,S/N CGEG13744,TOSHIBA,1.0,250.0,
FCS - Foshan City State Essence,5/12/2021,16321.0,5/3/2021,SHARP,1.0,350.0,
FCS - Foshan City State Essence,5/12/2021,16321.0,S/N CGEH10337,TOSHIBA,1.0,250.0,
FCS - Foshan City State Essence,5/12/2021,16321.0,5/3/2021,SHARP,1.0,450.0,
FCS - Foshan City State Essence,5/12/2021,16321.0,5/3/2021,SHARP,1.0,450.0,
FCS - Foshan City State Essence,5/12/2021,16321.0,5/3/2021,SHARP,1.0,500.0,
FCS - Foshan City State Essence,5/12/2021,16321.0,S/N CGEH68457,TOSHIBA,1.0,250.0,
FCS - Foshan City State Essence,5/12/2021,16321.0,S/N 4LA00750 FINISHER,TOSHIBA,1.0,0.0,
FCS - Foshan City State Essence,6/4/2021,16367.0,LOADING W/IPPC WOOD,LOADING,1.0,1600.0,
FCS - Foshan City State Essence,6/4/2021,16367.0,FREIGHT,FREIGHT,1.0,3530.0,
FCS - Foshan City State Essence,6/18/2021,16387.0,S/N DK5610C01S,HP,1.0,0.0,
FCS - Foshan City State Essence,6/18/2021,16387.0,LOADING W/IPPC WOOD,LOADING,1.0,1600.0,
FCS - Foshan City State Essence,6/18/2021,16387.0,FREIGHT,FREIGHT,1.0,3730.0,
FCS - Foshan City State Essence,6/18/2021,16387.0,S/N CN26BBH01D,HP,1.0,300.0,
FCS - Foshan City State Essence,6/18/2021,16387.0,S/N CN5AE1H011,HP,1.0,300.0,
FCS - Foshan City State Essence,6/18/2021,16387.0,S/N CN5AE1H04J,HP,1.0,300.0,
FCS - Foshan City State Essence,6/18/2021,16387.0,S/N CN5AM1H00H,HP,1.0,1300.0,
FCS - Foshan City State Essence,6/18/2021,16387.0,S/N CN5AK1H00T,HP,1.0,50.0,
FCS - Foshan City State Essence,6/18/2021,16387.0,S/N CN5C22H01C,HP,1.0,50.0,
FCS - Foshan City State Essence,6/18/2021,16387.0,S/N CN5AK1H00Y,HP,1.0,50.0,
FCS - Foshan City State Essence,6/18/2021,16387.0,S/N CN55L5H011,HP,1.0,1500.0,
FCS - Foshan City State Essence,6/18/2021,16387.0,S/N CN5C22H021,HP,1.0,50.0,
FCS - Foshan City State Essence,6/18/2021,16387.0,S/N CN5AH1H01D,HP,1.0,50.0,
FCS - Foshan City State Essence,6/18/2021,16387.0,S/N MY529D9001,HP,1.0,500.0,
FCS - Foshan City State Essence,6/18/2021,16387.0,S/N MYSCFSQ017,HP,1.0,10000.0,
FCS - Foshan City State Essence,6/18/2021,16387.0,S/N MY5C25Q007,HP,1.0,10000.0,
FCS - Foshan City State Essence,6/18/2021,16387.0,S/N MY5CG6Q002,HP,1.0,10000.0,
FCS - Foshan City State Essence,6/18/2021,16387.0,S/N CN5CG7H01N,HP,1.0,1500.0,
FCS - Foshan City State Essence,6/18/2021,16387.0,S/N CN56B5H00B,HP,1.0,1500.0,
FCS - Foshan City State Essence,6/18/2021,16387.0,S/N CN68H8H03T,HP,1.0,1500.0,
FCS - Foshan City State Essence,6/18/2021,16387.0,S/N CN6473H029,HP,1.0,50.0,
FCS - Foshan City State Essence,6/18/2021,16387.0,S/N CN5AH1H037,HP,1.0,50.0,
FCS - Foshan City State Essence,6/18/2021,16387.0,S/N CN5AH1H04M,HP,1.0,50.0,
FCS - Foshan City State Essence,6/18/2021,16387.0,S/N CN5C12H02Y,HP,1.0,50.0,
FCS - Foshan City State Essence,6/18/2021,16387.0,S/N CN68GRH027,HP,1.0,300.0,
FCS - Foshan City State Essence,6/18/2021,16387.0,S/N CN66GQH008,HP,1.0,350.0,
FCS - Foshan City State Essence,6/18/2021,16387.0,S/N CN6813H036,HP,1.0,50.0,
FCS - Foshan City State Essence,6/18/2021,16387.0,S/N MY5C15Q00H,HP,1.0,10000.0,
FCS - Foshan City State Essence,6/18/2021,16387.0,S/N MY67K7Q002,HP,1.0,10000.0,
FCS - Foshan City State Essence,6/18/2021,16387.0,S/N MY59S5Q005,HP,1.0,10000.0,
FCS - Foshan City State Essence,6/18/2021,16387.0,S/N MY62B6Q00X,HP,1.0,10000.0,
FCS - Foshan City State Essence,6/18/2021,16387.0,S/N CZ319A REV 1,HP,1.0,0.0,
FCS - Foshan City State Essence,6/18/2021,16387.0,S/N MY68M7Q008,HP,1.0,10000.0,
FCS - Foshan City State Essence,6/18/2021,16387.0,S/N MY616Q008,HP,1.0,10000.0,
FCS - Foshan City State Essence,6/18/2021,16387.0,S/N CN5AK1H0CR,HP,1.0,50.0,
FCS - Foshan City State Essence,6/18/2021,16387.0,72 PRINTHEADS,PACKAGE,1.0,0.0,
FCS - Foshan City State Essence,6/30/2021,16385.0,S/N CN5AH1H01H,HP,1.0,50.0,
FCS - Foshan City State Essence,6/30/2021,16385.0,S/N CN3ATGK02V,HP,1.0,300.0,
FCS - Foshan City State Essence,6/30/2021,16385.0,S/N CN85N4H025,HP,1.0,300.0,
FCS - Foshan City State Essence,6/30/2021,16385.0,S/N CN5BR2H02Q,HP,1.0,1300.0,
FCS - Foshan City State Essence,6/30/2021,16385.0,S/N CN5AC1H043,HP,1.0,1300.0,
FCS - Foshan City State Essence,6/30/2021,16385.0,S/N CN64P3H003,HP,1.0,1300.0,
FCS - Foshan City State Essence,6/30/2021,16385.0,S/N CN5AS1H00W,HP,1.0,1300.0,
FCS - Foshan City State Essence,6/30/2021,16385.0,S/N CN67MRH032,HP,1.0,350.0,
FCS - Foshan City State Essence,6/30/2021,16385.0,S/N CN5AG1H039,HP,1.0,50.0,
FCS - Foshan City State Essence,6/30/2021,16385.0,S/N CN86B7H01D,HP,1.0,50.0,
FCS - Foshan City State Essence,6/30/2021,16385.0,S/N CN5C22H01Y,HP,1.0,50.0,
FCS - Foshan City State Essence,6/30/2021,16385.0,LOADING W/IPPC WOOD,LOADING,1.0,1600.0,
FCS - Foshan City State Essence,6/30/2021,16385.0,FREIGHT,FREIGHT,1.0,3730.0,
FCS - Foshan City State Essence,7/2/2021,16417.0,LOADING W/IPPC WOOD,LOADING,1.0,1600.0,
FCS - Foshan City State Essence,7/2/2021,16417.0,FREIGHT (ESTIMATE),FREIGHT,1.0,3530.0,
FCS - Foshan City State Essence,7/2/2021,16417.0,LCT,XEROX,1.0,0.0,
FCS - Foshan City State Essence,7/2/2021,16417.0,FINISHER,RICOH,1.0,0.0,
FCS - Foshan City State Essence,7/2/2021,16417.0,LCT,RICOH,1.0,0.0,
FCS - Foshan City State Essence,7/2/2021,16417.0,2 ROLLS,XEROX,1.0,1500.0,
FCS - Foshan City State Essence,7/2/2021,16417.0,FIERY,XEROX,1.0,0.0,
FCS - Foshan City State Essence,7/2/2021,16417.0,S/N CN25EBK013,HP,1.0,1300.0,
FCS - Foshan City State Essence,7/20/2021,16438.0,LOADING W/IPPC WOOD,LOADING,1.0,1600.0,
FCS - Foshan City State Essence,7/20/2021,16438.0,FREIGHT (ESTIMATE),FREIGHT,1.0,3530.0,
FCS - Foshan City State Essence,7/20/2021,16438.0,LCT W/16741,SHARP,1.0,0.0,
FCS - Foshan City State Essence,7/20/2021,16438.0,"W/E43-A, SR5060, RT5100",RICOH,1.0,2500.0,
FCS - Foshan City State Essence,7/20/2021,16438.0,FIERY,RICOH,1.0,0.0,
FCS - Foshan City State Essence,7/20/2021,16438.0,FINISHER,RICOH,1.0,0.0,
FCS - Foshan City State Essence,7/20/2021,16438.0,LCT,RICOH,1.0,0.0,
FCS - Foshan City State Essence,7/20/2021,16438.0,"W/R16A, SR5060, RT5100",RICOH,1.0,2500.0,
FCS - Foshan City State Essence,7/20/2021,16438.0,FIERY,RICOH,1.0,0.0,
FCS - Foshan City State Essence,7/20/2021,16438.0,FINISHER,RICOH,1.0,0.0,
FCS - Foshan City State Essence,7/20/2021,16438.0,LCT,RICOH,1.0,0.0,
FCS - Foshan City State Essence,7/20/2021,16438.0,"W/SR5000, RT5030",RICOH,1.0,2700.0,
FCS - Foshan City State Essence,7/20/2021,16438.0,FINISHER,RICOH,1.0,0.0,
FCS - Foshan City State Essence,7/20/2021,16438.0,LCT,RICOH,1.0,0.0,
FCS - Foshan City State Essence,7/20/2021,16438.0,"W/SR5020, RT5040",RICOH,1.0,2700.0,
FCS - Foshan City State Essence,7/20/2021,16438.0,FINISHER,RICOH,1.0,0.0,
FCS - Foshan City State Essence,7/20/2021,16438.0,LCT,RICOH,1.0,0.0,
FCS - Foshan City State Essence,8/19/2021,16478.0,8/11/2021,SHARP,1.0,575.0,
FCS - Foshan City State Essence,8/19/2021,16478.0,8/11/2021,SHARP,1.0,575.0,
FCS - Foshan City State Essence,8/19/2021,16478.0,8/11/2021,SHARP,1.0,575.0,
FCS - Foshan City State Essence,8/19/2021,16478.0,8/11/2021,SHARP,1.0,450.0,
FCS - Foshan City State Essence,8/19/2021,16478.0,8/11/2021,RICOH,1.0,475.0,
FCS - Foshan City State Essence,8/19/2021,16478.0,18011,COPYSTAR,1.0,50.0,
FCS - Foshan City State Essence,8/19/2021,16478.0,10287,RICOH,1.0,450.0,
FCS - Foshan City State Essence,8/19/2021,16478.0,8/11/2021,SHARP,1.0,575.0,
FCS - Foshan City State Essence,8/19/2021,16478.0,8/11/2021,RICOH,1.0,450.0,
FCS - Foshan City State Essence,8/19/2021,16478.0,LOADING W/IPPC WOOD,LOADING,1.0,1600.0,
FCS - Foshan City State Essence,8/19/2021,16478.0,FREIGHT (ESTIMATE),FREIGHT,1.0,3530.0,
FCS - Foshan City State Essence,8/27/2021,16490.0,LOADING W/IPPC WOOD,LOADING,1.0,1600.0,
FCS - Foshan City State Essence,8/27/2021,16490.0,FREIGHT,FREIGHT,1.0,3820.0,
FCS - Foshan City State Essence,8/27/2021,16490.0,8/20/2021,RICOH,1.0,225.0,
FCS - Foshan City State Essence,8/27/2021,16490.0,8/20/2021,RICOH,1.0,225.0,
FCS - Foshan City State Essence,8/27/2021,16490.0,8/20/2021,RICOH,1.0,225.0,
FCS - Foshan City State Essence,8/27/2021,16490.0,FINISHER W/18058,SHARP,1.0,0.0,
FCS - Foshan City State Essence,8/27/2021,16490.0,FINISHER W/17842,SHARP,1.0,0.0,
FCS - Foshan City State Essence,8/27/2021,16490.0,CURL UNTI W/17842,SHARP,1.0,0.0,
FCS - Foshan City State Essence,8/27/2021,16490.0,FINISHER W/18053,SHARP,1.0,0.0,
FCS - Foshan City State Essence,8/27/2021,16490.0,FIERY W/17936,XEROX,1.0,0.0,
FCS - Foshan City State Essence,8/27/2021,16490.0,8/20/2021,RICOH,1.0,225.0,
FCS - Foshan City State Essence,9/13/2021,16511.0,LOADING W/IPPC WOOD,LOADING,1.0,1600.0,
FCS - Foshan City State Essence,9/13/2021,16511.0,FREIGHT,FREIGHT,1.0,3700.0,
FCS - Foshan City State Essence,9/13/2021,16511.0,9/1/2021,LANIER,1.0,200.0,
FCS - Foshan City State Essence,9/13/2021,16511.0,9/1/2021,LANIER,1.0,475.0,
FCS - Foshan City State Essence,9/13/2021,16511.0,9/1/2021,RICOH,1.0,250.0,
FCS - Foshan City State Essence,9/13/2021,16511.0,9/1/2021,RICOH,1.0,375.0,
FCS - Foshan City State Essence,9/13/2021,16511.0,9/1/2021,RICOH,1.0,250.0,
FCS - Foshan City State Essence,9/13/2021,16511.0,S/N E154M661381,SAVIN,1.0,250.0,
FCS - Foshan City State Essence,9/13/2021,16511.0,S/N E164M460921,SAVIN,1.0,250.0,
FCS - Foshan City State Essence,9/28/2021,16536.0,LOADING W/IPPC WOOD,LOADING,1.0,1600.0,
FCS - Foshan City State Essence,9/28/2021,16536.0,FREIGHT,FREIGHT,1.0,3920.0,
FCS - Foshan City State Essence,9/28/2021,16536.0,FIERY W/18449,KONICA MINOLTA,1.0,0.0,
FCS - Foshan City State Essence,9/28/2021,16536.0,9/15/2021,SHARP,1.0,400.0,
FCS - Foshan City State Essence,10/14/2021,16564.0,LOADING W/IPPC WOOD,LOADING,1.0,1600.0,
FCS - Foshan City State Essence,10/14/2021,16564.0,FREIGHT,FREIGHT,1.0,4120.0,
FCS - Foshan City State Essence,10/29/2021,16593.0,LOADING W/IPPC WOOD,LOADING,1.0,1600.0,
FCS - Foshan City State Essence,10/29/2021,16593.0,FREIGHT,FREIGHT,1.0,4120.0,
FCS - Foshan City State Essence,10/29/2021,16593.0,FINISHER W/19768,RICOH,1.0,0.0,
FCS - Foshan City State Essence,10/29/2021,16593.0,10/19/2021,SHARP,1.0,350.0,
FCS - Foshan City State Essence,10/29/2021,16593.0,2 BOXES/OTHER (NC),HP,1.0,0.0,
FCS - Foshan City State Essence,10/29/2021,16593.0,10/19/2021,RICOH,1.0,2400.0,
FCS - Foshan City State Essence,10/29/2021,16593.0,10/19/2021,RICOH,1.0,1500.0,
FCS - Foshan City State Essence,10/29/2021,16593.0,10/19/2021,RICOH,1.0,2400.0,
FCS - Foshan City State Essence,10/29/2021,16593.0,S/N W864L061088,SAVIN,1.0,1750.0,
FCS - Foshan City State Essence,10/29/2021,16593.0,NO TONER,RICOH,1.0,320.0,
FCS - Foshan City State Essence,10/29/2021,16593.0,NO TONER,RICOH,1.0,75.0,
FCS - Foshan City State Essence,10/29/2021,16593.0,10/19/2021,LANIER,1.0,250.0,
FCS - Foshan City State Essence,10/29/2021,16593.0,FINISHER,RICOH,1.0,0.0,
FCS - Foshan City State Essence,10/29/2021,16593.0,FINISHER,RICOH,1.0,0.0,
FCS - Foshan City State Essence,10/29/2021,16593.0,FINISHER,RICOH,1.0,0.0,
FCS - Foshan City State Essence,10/29/2021,16593.0,FINISHER,RICOH,1.0,0.0,
FCS - Foshan City State Essence,10/29/2021,16616.0,10/19/2021,CANON,1.0,550.0,
FCS - Foshan City State Essence,10/29/2021,16616.0,FINISHER W/19473,RICOH,1.0,0.0,
FCS - Foshan City State Essence,10/29/2021,16616.0,FINISHER W/19771,RICOH,1.0,0.0,
FCS - Foshan City State Essence,10/29/2021,16616.0,FINISHER W/19795,RICOH,1.0,0.0,
FCS - Foshan City State Essence,10/29/2021,16616.0,10/19/2021,SHARP,1.0,600.0,
FCS - Foshan City State Essence,10/29/2021,16616.0,10/19/2021,SHARP,1.0,600.0,
FCS - Foshan City State Essence,10/29/2021,16616.0,10/19/2021,RICOH,1.0,300.0,
FCS - Foshan City State Essence,10/29/2021,16616.0,10/19/2021,SHARP,1.0,600.0,
FCS - Foshan City State Essence,10/29/2021,16616.0,S/N 330600435  2 ROLLS,OCE,1.0,2500.0,
FCS - Foshan City State Essence,10/29/2021,16616.0,S/N N/A,OCE,1.0,5000.0,
FCS - Foshan City State Essence,10/29/2021,16616.0,S/N TGE01686 FINISHER,OCE,1.0,0.0,
FCS - Foshan City State Essence,10/29/2021,16616.0,S/N NWF10242  FINISHER,OCE,1.0,0.0,
FCS - Foshan City State Essence,10/29/2021,16616.0,S/N N/A  OTHER,OCE,1.0,0.0,
FCS - Foshan City State Essence,10/29/2021,16616.0,S/N N/A  LCT,OCE,1.0,0.0,
FCS - Foshan City State Essence,10/29/2021,16616.0,S/N 698200878  OTHER,OCE,1.0,0.0,
FCS - Foshan City State Essence,10/29/2021,16616.0,S/N 330801369  2 ROLLS,OCE,1.0,2500.0,
FCS - Foshan City State Essence,10/29/2021,16616.0,S/N E195G80007,SAVIN,1.0,350.0,
FCS - Foshan City State Essence,10/29/2021,16616.0,S/N C267Q411129  FINISHER W/MPC6003,SAVIN,1.0,0.0,
FCS - Foshan City State Essence,10/29/2021,16616.0,S/N G657L005502,SAVIN,1.0,1800.0,
FCS - Foshan City State Essence,10/29/2021,16616.0,S/N 330104190,OCE,1.0,2400.0,
FCS - Foshan City State Essence,10/29/2021,16616.0,W/SR5050,RICOH,1.0,2000.0,
FCS - Foshan City State Essence,10/29/2021,16616.0,FINISHER W/PRO8100,RICOH,1.0,0.0,
FCS - Foshan City State Essence,10/29/2021,16616.0,FINISHER W/19994,RICOH,1.0,0.0,
FCS - Foshan City State Essence,10/29/2021,16616.0,S/N G677L600044,SAVIN,1.0,2150.0,
FCS - Foshan City State Essence,10/29/2021,16616.0,S/N C268Q110316 FINISHER W/MP9003,SAVIN,1.0,0.0,
FCS - Foshan City State Essence,10/29/2021,16616.0,S/N G677L600040,SAVIN,1.0,2150.0,
FCS - Foshan City State Essence,10/29/2021,16616.0,S/N C267Q510014 FINISHER W/MP9003,SAVIN,1.0,0.0,
FCS - Foshan City State Essence,10/29/2021,16616.0,10/19/2021,RICOH,1.0,300.0,
FCS - Foshan City State Essence,10/29/2021,16616.0,10/19/2021,RICOH,1.0,300.0,
FCS - Foshan City State Essence,10/29/2021,16616.0,NO TONER,RICOH,1.0,100.0,
FCS - Foshan City State Essence,10/29/2021,16616.0,W/SR4060,RICOH,1.0,1850.0,
FCS - Foshan City State Essence,10/29/2021,16616.0,FINISHER,RICOH,1.0,0.0,
FCS - Foshan City State Essence,10/29/2021,16616.0,10/19/2021,RICOH,1.0,300.0,
FCS - Foshan City State Essence,10/29/2021,16616.0,10/19/2021,SHARP,1.0,600.0,
FCS - Foshan City State Essence,10/29/2021,16616.0,10/19/2021,SHARP,1.0,600.0,
FCS - Foshan City State Essence,10/29/2021,16616.0,W/SR4120,LANIER,1.0,1850.0,
FCS - Foshan City State Essence,10/29/2021,16616.0,FINISHER,LANIER,1.0,0.0,
FCS - Foshan City State Essence,10/29/2021,16616.0,W/SR4120,LANIER,1.0,1850.0,
FCS - Foshan City State Essence,10/29/2021,16616.0,FINISHER,LANIER,1.0,0.0,
FCS - Foshan City State Essence,10/29/2021,16616.0,W/SR4120,LANIER,1.0,1850.0,
FCS - Foshan City State Essence,10/29/2021,16616.0,FINISHER,LANIER,1.0,0.0,
FCS - Foshan City State Essence,10/29/2021,16616.0,W/SR4120,LANIER,1.0,1850.0,
FCS - Foshan City State Essence,10/29/2021,16616.0,FINISHER,LANIER,1.0,0.0,
FCS - Foshan City State Essence,10/29/2021,16616.0,W/SR4120,LANIER,1.0,1850.0,
FCS - Foshan City State Essence,10/29/2021,16616.0,FINISHER,LANIER,1.0,0.0,
FCS - Foshan City State Essence,10/29/2021,16616.0,10/19/2021,SHARP,1.0,950.0,
FCS - Foshan City State Essence,10/29/2021,16616.0,330109247,OCE,1.0,2400.0,
FCS - Foshan City State Essence,10/29/2021,16616.0,W/SR4060,RICOH,1.0,1750.0,
FCS - Foshan City State Essence,10/29/2021,16616.0,FINISHER,RICOH,1.0,0.0,
FCS - Foshan City State Essence,10/29/2021,16616.0,10/19/2021,RICOH,1.0,300.0,
FCS - Foshan City State Essence,10/29/2021,16616.0,10/19/2021,RICOH,1.0,100.0,
FCS - Foshan City State Essence,10/29/2021,16616.0,10/19/2021,RICOH,1.0,350.0,
FCS - Foshan City State Essence,10/29/2021,16616.0,11833,CANON,1.0,550.0,
FCS - Foshan City State Essence,10/29/2021,16616.0,S/N 330103766  2 ROLLS  18490,OCE,1.0,2400.0,
FCS - Foshan City State Essence,10/29/2021,16616.0,11836,CANON,1.0,550.0,
FCS - Foshan City State Essence,10/29/2021,16616.0,S/N CFFF35299,TOSHIBA,1.0,300.0,
FCS - Foshan City State Essence,10/29/2021,16616.0,10/19/2021,CANON,1.0,125.0,
FCS - Foshan City State Essence,10/29/2021,16616.0,S/N CFJF66208,TOSHIBA,1.0,300.0,
FCS - Foshan City State Essence,10/29/2021,16616.0,S/N CFHF50742,TOSHIBA,1.0,300.0,
FCS - Foshan City State Essence,10/29/2021,16616.0,S/N CFJF66197,TOSHIBA,1.0,300.0,
FCS - Foshan City State Essence,10/29/2021,16616.0,10/19/2021,KYOCERA,1.0,100.0,
FCS - Foshan City State Essence,10/29/2021,16616.0,10/19/2021,RICOH,1.0,350.0,
FCS - Foshan City State Essence,10/29/2021,16616.0,10/19/2021,CANON,1.0,125.0,
FCS - Foshan City State Essence,10/29/2021,16616.0,10/19/2021,CANON,1.0,125.0,
FCS - Foshan City State Essence,10/29/2021,16616.0,10/19/2021,CANON,1.0,125.0,
FCS - Foshan City State Essence,10/29/2021,16616.0,10/19/2021,RICOH,1.0,300.0,
FCS - Foshan City State Essence,10/29/2021,16616.0,10/19/2021,RICOH,1.0,300.0,
FCS - Foshan City State Essence,10/29/2021,16616.0,FINISHER,RICOH,1.0,0.0,
FCS - Foshan City State Essence,10/29/2021,16616.0,FINISHER,RICOH,1.0,0.0,
FCS - Foshan City State Essence,10/29/2021,16616.0,LOADING W/IPPC WOOD,LOADING,1.0,1600.0,
FCS - Foshan City State Essence,10/29/2021,16616.0,FREIGHT (ESTIMATE),FREIGHT,1.0,4120.0,
FCS - Foshan City State Essence,11/16/2021,16633.0,LOADING W/IPPC WOOD,LOADING,1.0,1600.0,
FCS - Foshan City State Essence,11/16/2021,16633.0,FREIGHT,FREIGHT,1.0,4120.0,
FCS - Foshan City State Essence,11/16/2021,16633.0,11/5/2021,CANON,1.0,150.0,
FCS - Foshan City State Essence,11/16/2021,16633.0,11/5/2021,KONICA MINOLTA,1.0,525.0,
FCS - Foshan City State Essence,11/16/2021,16633.0,11/5/2021,KONICA MINOLTA,1.0,775.0,
FCS - Foshan City State Essence,11/16/2021,16633.0,11/5/2021,KONICA MINOLTA,1.0,525.0,
FCS - Foshan City State Essence,11/16/2021,16633.0,11/5/2021,KONICA MINOLTA,1.0,775.0,
FCS - Foshan City State Essence,11/16/2021,16633.0,11/5/2021,RICOH,1.0,1850.0,
FCS - Foshan City State Essence,11/16/2021,16633.0,11/5/2021,RICOH,1.0,100.0,
FCS - Foshan City State Essence,11/16/2021,16633.0,11/5/2021,SAVIN  Inv,1.0,100.0,
FCS - Foshan City State Essence,11/16/2021,16633.0,11/5/2021,SAVIN  Inv,1.0,100.0,
FCS - Foshan City State Essence,11/16/2021,16633.0,11/5/2021,SAVIN  Inv,1.0,400.0,
FCS - Foshan City State Essence,11/16/2021,16633.0,11/5/2021,LANIER,1.0,1750.0,
FCS - Foshan City State Essence,11/16/2021,16633.0,11/5/2021,LANIER,1.0,1750.0,
FCS - Foshan City State Essence,11/16/2021,16633.0,11/5/2021,CANON,1.0,150.0,
FCS - Foshan City State Essence,11/16/2021,16633.0,11/5/2021,CANON,1.0,150.0,
FCS - Foshan City State Essence,11/16/2021,16633.0,11/5/2021,SHARP,1.0,450.0,
FCS - Foshan City State Essence,11/16/2021,16633.0,11/5/2021,SHARP,1.0,350.0,
FCS - Foshan City State Essence,11/16/2021,16633.0,11/5/2021,SHARP,1.0,450.0,
FCS - Foshan City State Essence,11/16/2021,16633.0,11/5/2021,SHARP,1.0,600.0,
FCS - Foshan City State Essence,11/16/2021,16633.0,11/5/2021,SHARP,1.0,75.0,
FCS - Foshan City State Essence,11/16/2021,16633.0,11/5/2021,EPSON,1.0,500.0,
FCS - Foshan City State Essence,11/16/2021,16633.0,11/5/2021,EPSON,1.0,500.0,
FCS - Foshan City State Essence,11/16/2021,16633.0,11/5/2021,KONICA MINOLTA,1.0,450.0,
FCS - Foshan City State Essence,11/16/2021,16633.0,11/5/2021,KYOCERA,1.0,50.0,
FCS - Foshan City State Essence,11/16/2021,16633.0,11/5/2021,SHARP,1.0,75.0,
FCS - Foshan City State Essence,11/16/2021,16633.0,11/5/2021,TOSHIBA  Inv,1.0,50.0,
FCS - Foshan City State Essence,11/16/2021,16633.0,11/5/2021,SHARP,1.0,250.0,
FCS - Foshan City State Essence,11/16/2021,16633.0,11/5/2021,SHARP,1.0,250.0,
FCS - Foshan City State Essence,11/16/2021,16633.0,11/5/2021,SHARP,1.0,75.0,
FCS - Foshan City State Essence,11/16/2021,16633.0,11/5/2021,SHARP,1.0,250.0,
FCS - Foshan City State Essence,11/16/2021,16633.0,11/5/2021,SHARP,1.0,450.0,
FCS - Foshan City State Essence,2/17/2022,16803.0,LOADING W/IPPC WOOD,LOADING,1.0,1600.0,
FCS - Foshan City State Essence,2/17/2022,16803.0,FREIGHT (ESTIMATE),FREIGHT,1.0,4220.0,
FCS - Foshan City State Essence,2/17/2022,16803.0,FINISHER W/22585,SAVIN  Inv,1.0,0.0,
FCS - Foshan City State Essence,2/17/2022,16803.0,FINISHER W/22860,RICOH,1.0,0.0,
FCS - Foshan City State Essence,2/17/2022,16803.0,FINISHER W/22852,RICOH,1.0,0.0,
FCS - Foshan City State Essence,2/17/2022,16803.0,DESTINATION CHANGE,FREIGHT,1.0,2750.0,
FCS - Foshan City State Essence,3/23/2022,16875.0,LOADING W/IPPC WOOD,LOADING,1.0,1600.0,
FCS - Foshan City State Essence,3/23/2022,16875.0,FREIGHT (ACTUAL),FREIGHT,1.0,4900.0,
FCS - Foshan City State Essence,3/23/2022,16875.0,,RICOH,1.0,450.0,
FCS - Foshan City State Essence,3/23/2022,16875.0,,SAVIN  Inv,1.0,500.0,
FCS - Foshan City State Essence,3/23/2022,16875.0,,SAVIN  Inv,1.0,500.0,
FCS - Foshan City State Essence,3/23/2022,16875.0,,SAVIN  Inv,1.0,500.0,
FCS - Foshan City State Essence,3/23/2022,16875.0,,SAVIN  Inv,1.0,500.0,
FCS - Foshan City State Essence,3/23/2022,16875.0,,SAVIN  Inv,1.0,500.0,
FCS - Foshan City State Essence,3/23/2022,16875.0,,SAVIN  Inv,1.0,625.0,
FCS - Foshan City State Essence,3/23/2022,16875.0,,SAVIN  Inv,1.0,625.0,
FCS - Foshan City State Essence,3/23/2022,16875.0,,SAVIN  Inv,1.0,625.0,
FCS - Foshan City State Essence,3/23/2022,16875.0,,KONICA MINOLTA,1.0,800.0,
FCS - Foshan City State Essence,3/23/2022,16875.0,,KONICA MINOLTA,1.0,800.0,
FCS - Foshan City State Essence,3/23/2022,16875.0,,TOSHIBA  Inv,1.0,375.0,
FCS - Foshan City State Essence,3/23/2022,16875.0,,SHARP,1.0,375.0,
FCS - Foshan City State Essence,3/23/2022,16875.0,,SHARP,1.0,375.0,
FCS - Foshan City State Essence,3/23/2022,16875.0,,SHARP,1.0,100.0,
FCS - Foshan City State Essence,3/23/2022,16875.0,,SHARP,1.0,100.0,
FCS - Foshan City State Essence,3/23/2022,16875.0,W/MXFN19,SHARP,1.0,1075.0,
FCS - Foshan City State Essence,3/23/2022,16875.0,FINISHER,SHARP,1.0,0.0,
FCS - Foshan City State Essence,3/23/2022,16875.0,W/MXFN19,SHARP,1.0,1075.0,
FCS - Foshan City State Essence,3/23/2022,16875.0,FINISHER,SHARP,1.0,0.0,
FCS - Foshan City State Essence,3/23/2022,16875.0,W/MXFN19,SHARP,1.0,1075.0,
FCS - Foshan City State Essence,3/23/2022,16875.0,FINISHER,SHARP,1.0,0.0,
FCS - Foshan City State Essence,3/23/2022,16875.0,W/MXFN19,SHARP,1.0,1075.0,
FCS - Foshan City State Essence,3/23/2022,16875.0,FINISHER,SHARP,1.0,0.0,
FCS - Foshan City State Essence,3/23/2022,16875.0,W/MXFN19,SHARP,1.0,1075.0,
FCS - Foshan City State Essence,3/23/2022,16875.0,FINISHER,SHARP,1.0,0.0,
FCS - Foshan City State Essence,3/23/2022,16875.0,W/MXFN19,SHARP,1.0,1075.0,
FCS - Foshan City State Essence,3/23/2022,16875.0,FINISHER,SHARP,1.0,0.0,
FCS - Foshan City State Essence,3/23/2022,16875.0,W/MXFN19,SHARP,1.0,1075.0,
FCS - Foshan City State Essence,3/23/2022,16875.0,FINISHER,SHARP,1.0,0.0,
FCS - Foshan City State Essence,3/23/2022,16875.0,,SHARP,1.0,50.0,
FCS - Foshan City State Essence,3/23/2022,16875.0,,SHARP,1.0,450.0,
FCS - Foshan City State Essence,3/23/2022,16875.0,,SHARP,1.0,450.0,
FCS - Foshan City State Essence,3/23/2022,16875.0,,SHARP,1.0,175.0,
FCS - Foshan City State Essence,3/23/2022,16875.0,,RICOH,1.0,450.0,
FCS - Foshan City State Essence,3/23/2022,16875.0,,KONICA MINOLTA,1.0,800.0,
FCS - Foshan City State Essence,3/23/2022,16875.0,,KONICA MINOLTA,1.0,800.0,
FCS - Foshan City State Essence,3/23/2022,16875.0,W/MXFN19,SHARP,1.0,1075.0,
FCS - Foshan City State Essence,3/23/2022,16875.0,FINISHER,SHARP,1.0,0.0,
FCS - Foshan City State Essence,3/23/2022,16875.0,W/MXFN19,SHARP,1.0,1075.0,
FCS - Foshan City State Essence,3/23/2022,16875.0,FINISHER,SHARP,1.0,0.0,
FCS - Foshan City State Essence,3/23/2022,16875.0,,RICOH,1.0,450.0,
FCS - Foshan City State Essence,3/23/2022,16875.0,,RICOH,1.0,450.0,
FCS - Foshan City State Essence,3/23/2022,16875.0,,RICOH,1.0,450.0,
FCS - Foshan City State Essence,3/23/2022,16875.0,,RICOH,1.0,450.0,
FCS - Foshan City State Essence,3/23/2022,16875.0,,RICOH,1.0,450.0,
FCS - Foshan City State Essence,3/23/2022,16875.0,,RICOH,1.0,625.0,
FCS - Foshan City State Essence,3/23/2022,16875.0,,RICOH,1.0,625.0,
FCS - Foshan City State Essence,3/23/2022,16875.0,,KONICA MINOLTA,1.0,800.0,
FCS - Foshan City State Essence,3/23/2022,16875.0,,KONICA MINOLTA,1.0,800.0,
FCS - Foshan City State Essence,3/23/2022,16875.0,,TOSHIBA  Inv,1.0,75.0,
FCS - Foshan City State Essence,3/23/2022,16875.0,,TOSHIBA  Inv,1.0,75.0,
FCS - Foshan City State Essence,3/23/2022,16875.0,W/MXFN19,SHARP,1.0,1075.0,
FCS - Foshan City State Essence,3/23/2022,16875.0,FINISHER,SHARP,1.0,0.0,
FCS - Foshan City State Essence,3/23/2022,16875.0,,SHARP,1.0,525.0,
FCS - Foshan City State Essence,3/23/2022,16875.0,,SHARP,1.0,600.0,
FCS - Foshan City State Essence,3/23/2022,16875.0,,SHARP,1.0,175.0,
FCS - Foshan City State Essence,3/23/2022,16875.0,,RICOH,1.0,450.0,
FCS - Foshan City State Essence,3/23/2022,16875.0,,RICOH,1.0,450.0,
FCS - Foshan City State Essence,3/23/2022,16875.0,,RICOH,1.0,450.0,
FCS - Foshan City State Essence,3/23/2022,16875.0,,RICOH,1.0,450.0,
FCS - Foshan City State Essence,3/23/2022,16875.0,,RICOH,1.0,450.0,
FCS - Foshan City State Essence,3/23/2022,16875.0,,RICOH,1.0,450.0,
FCS - Foshan City State Essence,3/23/2022,16875.0,,RICOH,1.0,450.0,
FCS - Foshan City State Essence,3/23/2022,16875.0,,RICOH,1.0,450.0,
FCS - Foshan City State Essence,3/23/2022,16875.0,,RICOH,1.0,450.0,
FCS - Foshan City State Essence,3/23/2022,16875.0,,SAVIN  Inv,1.0,625.0,
FCS - Foshan City State Essence,3/23/2022,16875.0,,KONICA MINOLTA,1.0,800.0,
FCS - Foshan City State Essence,3/23/2022,16875.0,SMASHED DISPLAY,TOSHIBA  Inv,1.0,75.0,
FCS - Foshan City State Essence,3/23/2022,16875.0,,TOSHIBA  Inv,1.0,75.0,
FCS - Foshan City State Essence,3/23/2022,16875.0,,TOSHIBA  Inv,1.0,375.0,
FCS - Foshan City State Essence,3/23/2022,16875.0,,SHARP,1.0,375.0,
FCS - Foshan City State Essence,3/23/2022,16875.0,NO FINISHER,SHARP,1.0,1075.0,
FCS - Foshan City State Essence,3/23/2022,16875.0,W/MXFN19,SHARP,1.0,1075.0,
FCS - Foshan City State Essence,3/23/2022,16875.0,FINISHER,SHARP,1.0,0.0,
FCS - Foshan City State Essence,3/23/2022,16875.0,NO FINISHER,SHARP,1.0,1075.0,
FCS - Foshan City State Essence,3/23/2022,16875.0,NO FINISHER,SHARP,1.0,1075.0,
FCS - Foshan City State Essence,3/23/2022,16875.0,,SHARP,1.0,600.0,
FCS - Foshan City State Essence,3/23/2022,16875.0,,RICOH,1.0,450.0,
FCS - Foshan City State Essence,3/23/2022,16875.0,,RICOH,1.0,450.0,
FCS - Foshan City State Essence,3/23/2022,16875.0,,RICOH,1.0,450.0,
FCS - Foshan City State Essence,3/23/2022,16875.0,,RICOH,1.0,450.0,
FCS - Foshan City State Essence,3/23/2022,16875.0,,SHARP,1.0,525.0,
FCS - Foshan City State Essence,3/23/2022,16875.0,,SHARP,1.0,525.0,
FCS - Foshan City State Essence,3/23/2022,16875.0,,SHARP,1.0,525.0,
FCS - Foshan City State Essence,3/23/2022,16875.0,,SHARP,1.0,450.0,
FCS - Foshan City State Essence,3/23/2022,16875.0,,SHARP,1.0,450.0,
FCS - Foshan City State Essence,3/23/2022,16875.0,,SHARP,1.0,450.0,
FCS - Foshan City State Essence,3/23/2022,16875.0,,SHARP,1.0,450.0,
FCS - Foshan City State Essence,3/23/2022,16875.0,,SHARP,1.0,400.0,
FCS - Foshan City State Essence,3/23/2022,16875.0,,SHARP,1.0,400.0,
FCS - Foshan City State Essence,3/23/2022,16875.0,,SHARP,1.0,450.0,
FCS - Foshan City State Essence,3/23/2022,16875.0,,SHARP,1.0,350.0,
FCS - Foshan City State Essence,3/23/2022,16875.0,FINISHERS (FOR PACKING),RICOH,2.0,0.0,
FCS - Foshan City State Essence,3/23/2022,16875.0,FREIGHT - DESITINATION CHANGE,FREIGHT,1.0,700.0,
FCS - Foshan City State Essence,4/4/2022,16899.0,W/LCT/FINISHER,KONICA MINOLTA,1.0,2500.0,
FCS - Foshan City State Essence,4/4/2022,16899.0,W/LCT/FINISHER,KONICA MINOLTA,1.0,2500.0,
FCS - Foshan City State Essence,4/4/2022,16899.0,W/LCT/FINISHER,KONICA MINOLTA,1.0,2500.0,
FCS - Foshan City State Essence,4/4/2022,16899.0,W/LCT/FINISHER,KONICA MINOLTA,1.0,2500.0,
FCS - Foshan City State Essence,4/4/2022,16899.0,W/FINISHER/FIERY/LCT,KONICA MINOLTA,1.0,6500.0,
FCS - Foshan City State Essence,4/4/2022,16899.0,LOADING W/IPPC WOOD,LOADING,1.0,1600.0,
FCS - Foshan City State Essence,4/4/2022,16899.0,FREIGHT (ESTIMATE),FREIGHT,1.0,4900.0,
FCS - Foshan City State Essence,4/4/2022,16899.0,2 ROLLS,KIP,1.0,1000.0,
FCS - Foshan City State Essence,4/4/2022,16899.0,2 ROLLS,KIP,1.0,1000.0,
FCS - Foshan City State Essence,4/4/2022,16899.0,2 ROLLS,KIP,1.0,1000.0,
FCS - Foshan City State Essence,4/4/2022,16899.0,W/LCT/FIERY/FIN/2 OTHER,KONICA MINOLTA,1.0,9000.0,
FCS - Foshan City State Essence,4/4/2022,16899.0,LCT,KONICA MINOLTA,1.0,0.0,
FCS - Foshan City State Essence,4/4/2022,16899.0,OTHER,KONICA MINOLTA,1.0,0.0,
FCS - Foshan City State Essence,4/4/2022,16899.0,FINISHER,KONICA MINOLTA,1.0,0.0,
FCS - Foshan City State Essence,4/4/2022,16899.0,OTHER,KONICA MINOLTA,1.0,0.0,
FCS - Foshan City State Essence,4/4/2022,16899.0,FIERY,KONICA MINOLTA,1.0,0.0,
FCS - Foshan City State Essence,4/4/2022,16899.0,FINISHER,KONICA MINOLTA,1.0,0.0,
FCS - Foshan City State Essence,4/4/2022,16899.0,LCT,KONICA MINOLTA,1.0,0.0,
FCS - Foshan City State Essence,4/4/2022,16899.0,OTHER,KONICA MINOLTA,1.0,0.0,
FCS - Foshan City State Essence,4/4/2022,16899.0,OTHER,KONICA MINOLTA,1.0,0.0,
FCS - Foshan City State Essence,4/4/2022,16899.0,FINISHER,KONICA MINOLTA,1.0,0.0,
FCS - Foshan City State Essence,4/4/2022,16899.0,LCT,KONICA MINOLTA,1.0,0.0,
FCS - Foshan City State Essence,4/4/2022,16899.0,FINISHER,KONICA MINOLTA,1.0,0.0,
FCS - Foshan City State Essence,4/4/2022,16899.0,LCT,KONICA MINOLTA,1.0,0.0,
FCS - Foshan City State Essence,4/4/2022,16899.0,FINISHER,KONICA MINOLTA,1.0,0.0,
FCS - Foshan City State Essence,4/4/2022,16899.0,LCT,KONICA MINOLTA,1.0,0.0,
FCS - Foshan City State Essence,4/4/2022,16899.0,FIERY (& CABLES),KONICA MINOLTA,1.0,0.0,
FCS - Foshan City State Essence,4/4/2022,16899.0,S/N 875003197  4 ROLLS W/FIERY/SCANNER,OCE,1.0,3500.0,
FCS - Foshan City State Essence,4/4/2022,16899.0,FIERY  S/N 160571235,OCE,1.0,0.0,
FCS - Foshan City State Essence,4/4/2022,16899.0,SCANNER S/N 451020526,OCE,1.0,0.0,
FCS - Foshan City State Essence,4/4/2022,16899.0,S/N875001334  6 ROLLS W/FIERY/SCANNER,OCE,1.0,3500.0,
FCS - Foshan City State Essence,4/4/2022,16899.0,FIERY S/N 1412071714,OCE,1.0,0.0,
FCS - Foshan City State Essence,4/4/2022,16899.0,S/N N/A  SCANNER,OCE,1.0,0.0,
FCS - Foshan City State Essence,4/4/2022,16899.0,S/N 330810171  2 ROLLS,OCE,1.0,2600.0,
FCS - Foshan City State Essence,4/4/2022,16899.0,S/N 1910071930  2 ROLLS,OCE,1.0,2800.0,
FCS - Foshan City State Essence,4/4/2022,16899.0,,KONICA MINOLTA,1.0,500.0,
FCS - Foshan City State Essence,4/4/2022,16899.0,,KONICA MINOLTA,1.0,500.0,
FCS - Foshan City State Essence,4/4/2022,16899.0,,KONICA MINOLTA,1.0,600.0,
FCS - Foshan City State Essence,4/4/2022,16899.0,,KONICA MINOLTA,1.0,600.0,
FCS - Foshan City State Essence,4/4/2022,16899.0,,KONICA MINOLTA,1.0,600.0,
FCS - Foshan City State Essence,4/4/2022,16899.0,,KONICA MINOLTA,1.0,600.0,
FCS - Foshan City State Essence,4/4/2022,16899.0,,KONICA MINOLTA,1.0,750.0,
FCS - Foshan City State Essence,4/4/2022,16899.0,,KONICA MINOLTA,1.0,300.0,
FCS - Foshan City State Essence,4/4/2022,16899.0,,KONICA MINOLTA,1.0,500.0,
FCS - Foshan City State Essence,4/4/2022,16899.0,,KONICA MINOLTA,1.0,500.0,
FCS - Foshan City State Essence,4/4/2022,16899.0,,KONICA MINOLTA,1.0,610.0,
FCS - Foshan City State Essence,4/4/2022,16899.0,,KONICA MINOLTA,1.0,550.0,
FCS - Foshan City State Essence,4/4/2022,16899.0,,KONICA MINOLTA,1.0,550.0,
FCS - Foshan City State Essence,4/4/2022,16899.0,,RICOH,1.0,200.0,
FCS - Foshan City State Essence,4/4/2022,16899.0,,RICOH,1.0,200.0,
FCS - Foshan City State Essence,4/4/2022,16899.0,,RICOH,1.0,200.0,
FCS - Foshan City State Essence,4/4/2022,16899.0,,RICOH,1.0,200.0,
FCS - Foshan City State Essence,4/4/2022,16899.0,,RICOH,1.0,200.0,
FCS - Foshan City State Essence,4/4/2022,16899.0,,RICOH,1.0,250.0,
FCS - Foshan City State Essence,4/4/2022,16899.0,,SHARP,1.0,525.0,
FCS - Foshan City State Essence,4/4/2022,16899.0,,SHARP,1.0,525.0,
FCS - Foshan City State Essence,4/4/2022,16899.0,,SHARP,1.0,525.0,
FCS - Foshan City State Essence,4/4/2022,16899.0,,SHARP,1.0,525.0,
FCS - Foshan City State Essence,4/4/2022,16899.0,,SHARP,1.0,525.0,
FCS - Foshan City State Essence,4/4/2022,16899.0,W/FINISHER,SHARP,1.0,1075.0,
FCS - Foshan City State Essence,4/4/2022,16899.0,FINISHER,SHARP,1.0,0.0,
FCS - Foshan City State Essence,4/4/2022,16899.0,W/FINISHER,SHARP,1.0,1075.0,
FCS - Foshan City State Essence,4/4/2022,16899.0,FINISHER,SHARP,1.0,0.0,
FCS - Foshan City State Essence,4/4/2022,16899.0,OTHER,KONICA MINOLTA,1.0,0.0,
FCS - Foshan City State Essence,4/4/2022,16899.0,LCT,KONICA MINOLTA,1.0,0.0,
FCS - Foshan City State Essence,4/4/2022,16899.0,FINISHER,KONICA MINOLTA,1.0,0.0,
FCS - Foshan City State Essence,4/4/2022,16899.0,,RICOH,1.0,500.0,
FCS - Foshan City State Essence,4/4/2022,16899.0,,KONICA MINOLTA,1.0,550.0,
FCS - Foshan City State Essence,4/4/2022,16899.0,,KONICA MINOLTA,1.0,850.0,
FCS - Foshan City State Essence,4/4/2022,16899.0,,RICOH,1.0,200.0,
FCS - Foshan City State Essence,4/4/2022,16899.0,,RICOH,1.0,200.0,
FCS - Foshan City State Essence,4/4/2022,16899.0,,RICOH,1.0,200.0,
FCS - Foshan City State Essence,4/4/2022,16899.0,,RICOH,1.0,200.0,
FCS - Foshan City State Essence,4/4/2022,16899.0,,RICOH,1.0,200.0,
FCS - Foshan City State Essence,4/4/2022,16899.0,,RICOH,1.0,200.0,
FCS - Foshan City State Essence,4/4/2022,16899.0,,RICOH,1.0,200.0,
FCS - Foshan City State Essence,4/4/2022,16899.0,,RICOH,1.0,200.0,
FCS - Foshan City State Essence,4/4/2022,16899.0,,RICOH,1.0,200.0,
FCS - Foshan City State Essence,4/4/2022,16899.0,,SHARP,1.0,525.0,
FCS - Foshan City State Essence,4/4/2022,16899.0,,CANON,1.0,750.0,
FCS - Foshan City State Essence,4/12/2022,16911.0,LOADING W/IPPC WOOD,LOADING,1.0,1600.0,
FCS - Foshan City State Essence,4/12/2022,16911.0,FREIGHT,FREIGHT,1.0,4990.0,
FCS - Foshan City State Essence,4/12/2022,16911.0,W/ACCESSORIES,CANON,1.0,6200.0,
FCS - Foshan City State Essence,4/12/2022,16911.0,OTHER W/C8000,CANON,1.0,0.0,
FCS - Foshan City State Essence,4/12/2022,16911.0,OTHER W/C8000,CANON,1.0,0.0,
FCS - Foshan City State Essence,4/12/2022,16911.0,FIERY/WC8000,CANON,1.0,0.0,
FCS - Foshan City State Essence,4/12/2022,16911.0,FINISHER W/C8000,CANON,1.0,0.0,
FCS - Foshan City State Essence,4/12/2022,16911.0,W/ACCESSORIES,CANON,1.0,6200.0,
FCS - Foshan City State Essence,4/12/2022,16911.0,FIERY W/C8000,CANON,1.0,0.0,
FCS - Foshan City State Essence,4/12/2022,16911.0,OTHER W/C8000,CANON,1.0,0.0,
FCS - Foshan City State Essence,4/12/2022,16911.0,FINISHER W/C8000,CANON,1.0,0.0,
FCS - Foshan City State Essence,4/12/2022,16911.0,OTHER W/C8000,CANON,1.0,0.0,
FCS - Foshan City State Essence,4/12/2022,16911.0,OTHER W/C8000,CANON,1.0,0.0,
FCS - Foshan City State Essence,4/12/2022,16911.0,W/MXFN19,SHARP,1.0,1050.0,
FCS - Foshan City State Essence,4/12/2022,16911.0,FINISHER W/MXM754,SHARP,1.0,0.0,
FCS - Foshan City State Essence,4/12/2022,16911.0,,SHARP,1.0,1050.0,
FCS - Foshan City State Essence,4/12/2022,16911.0,,SHARP,1.0,500.0,
FCS - Foshan City State Essence,4/12/2022,16911.0,,SHARP,1.0,500.0,
FCS - Foshan City State Essence,4/12/2022,16911.0,,SHARP,1.0,425.0,
FCS - Foshan City State Essence,4/12/2022,16911.0,W/MXFN19,SHARP,1.0,1050.0,
FCS - Foshan City State Essence,4/12/2022,16911.0,FINISHER W/MXM754,SHARP,1.0,0.0,
FCS - Foshan City State Essence,4/12/2022,16911.0,W/MXFN19,SHARP,1.0,1050.0,
FCS - Foshan City State Essence,4/12/2022,16911.0,FINISHER W/MXM754,SHARP,1.0,0.0,
FCS - Foshan City State Essence,4/12/2022,16911.0,,KONICA MINOLTA,1.0,360.0,
FCS - Foshan City State Essence,4/12/2022,16911.0,,KONICA MINOLTA,1.0,360.0,
FCS - Foshan City State Essence,4/12/2022,16911.0,,KONICA MINOLTA,1.0,360.0,
FCS - Foshan City State Essence,4/12/2022,16911.0,,KONICA MINOLTA,1.0,360.0,
FCS - Foshan City State Essence,4/12/2022,16911.0,,KONICA MINOLTA,1.0,550.0,
FCS - Foshan City State Essence,4/12/2022,16911.0,,KONICA MINOLTA,1.0,550.0,
FCS - Foshan City State Essence,4/12/2022,16911.0,,KONICA MINOLTA,1.0,360.0,
FCS - Foshan City State Essence,4/12/2022,16911.0,,KONICA MINOLTA,1.0,360.0,
FCS - Foshan City State Essence,4/12/2022,16911.0,,KONICA MINOLTA,1.0,360.0,
FCS - Foshan City State Essence,4/12/2022,16911.0,,KONICA MINOLTA,1.0,360.0,
FCS - Foshan City State Essence,4/12/2022,16911.0,,KONICA MINOLTA,1.0,360.0,
FCS - Foshan City State Essence,4/12/2022,16911.0,,KONICA MINOLTA,1.0,360.0,
FCS - Foshan City State Essence,4/12/2022,16911.0,,KONICA MINOLTA,1.0,360.0,
FCS - Foshan City State Essence,4/12/2022,16911.0,,KONICA MINOLTA,1.0,360.0,
FCS - Foshan City State Essence,4/12/2022,16911.0,,KONICA MINOLTA,1.0,360.0,
FCS - Foshan City State Essence,4/12/2022,16911.0,,KONICA MINOLTA,1.0,360.0,
FCS - Foshan City State Essence,4/12/2022,16911.0,,KONICA MINOLTA,1.0,360.0,
FCS - Foshan City State Essence,4/12/2022,16911.0,,KONICA MINOLTA,1.0,360.0,
FCS - Foshan City State Essence,4/12/2022,16911.0,,KONICA MINOLTA,1.0,360.0,
FCS - Foshan City State Essence,4/12/2022,16911.0,,KONICA MINOLTA,1.0,650.0,
FCS - Foshan City State Essence,9/1/2022,17098.0,LOADING W/IPPC WOOD,LOADING,1.0,1600.0,
FCS - Foshan City State Essence,9/1/2022,17098.0,FREIGHT,FREIGHT,1.0,4248.0,
FCS - Foshan City State Essence,9/1/2022,17098.0,SCANNER W/27018,CANON,1.0,0.0,
FCS - Foshan City State Essence,9/1/2022,17098.0,,RICOH,1.0,150.0,
FCS - Foshan City State Essence,9/1/2022,17098.0,,LANIER,1.0,450.0,
FCS - Foshan City State Essence,9/1/2022,17098.0,,RICOH,1.0,450.0,
FCS - Foshan City State Essence,9/1/2022,17098.0,S/N CN61J2H02Z,HP,1.0,900.0,
FCS - Foshan City State Essence,9/1/2022,17098.0,S/N CN58J6H03N,HP,1.0,900.0,
FCS - Foshan City State Essence,9/1/2022,17098.0,,SAVIN  Inv,1.0,620.0,
FCS - Foshan City State Essence,9/1/2022,17098.0,,SAVIN  Inv,1.0,480.0,
FCS - Foshan City State Essence,9/1/2022,17098.0,,SAVIN  Inv,1.0,480.0,
FCS - Foshan City State Essence,9/1/2022,17098.0,,SAVIN  Inv,1.0,480.0,
FCS - Foshan City State Essence,9/1/2022,17098.0,,SAVIN  Inv,1.0,480.0,
FCS - Foshan City State Essence,9/1/2022,17098.0,,SAVIN  Inv,1.0,620.0,
FCS - Foshan City State Essence,9/15/2022,17112.0,LOADING W/IPPC WOOD,LOADING,1.0,1600.0,
FCS - Foshan City State Essence,9/15/2022,17112.0,FREIGHT,FREIGHT,1.0,4248.0,
FCS - Foshan City State Essence,9/15/2022,17112.0,9/9/2022,RICOH,1.0,0.0,
FCS - Foshan City State Essence,9/15/2022,17112.0,W/Y1 FINISHER,CANON,1.0,600.0,
FCS - Foshan City State Essence,9/15/2022,17112.0,FINISHER W/IRC5560i,CANON,1.0,0.0,
FCS - Foshan City State Essence,9/15/2022,17112.0,9/9/2022,RICOH,1.0,620.0,
FCS - Foshan City State Essence,11/15/2022,17192.0,LOADING,LOADING,1.0,1600.0,
FCS - Foshan City State Essence,11/15/2022,17192.0,FREIGHT,FREIGHT,1.0,4465.0,
FCS - Foshan City State Essence,11/15/2022,17192.0,LCT W/27999,SAVIN  Inv,1.0,0.0,
FCS - Foshan City State Essence,11/15/2022,17192.0,11/4/2022,SHARP,1.0,350.0,
FCS - Foshan City State Essence,12/15/2022,17231.0,LOADING W/IPPC WOOD,LOADING,1.0,1600.0,
FCS - Foshan City State Essence,12/15/2022,17231.0,FREIGHT (ESTIMATE),FREIGHT,1.0,4160.0,
FCS - Foshan City State Essence,12/15/2022,17231.0,FINISHER W/29218,XEROX,1.0,0.0,
FCS - Foshan City State Essence,12/15/2022,17231.0,,RICOH,1.0,275.0,
FCS - Foshan City State Essence,12/15/2022,17231.0,,RICOH,1.0,275.0,
FCS - Foshan City State Essence,12/15/2022,17231.0,,RICOH,1.0,275.0,
FCS - Foshan City State Essence,12/15/2022,17231.0,,RICOH,1.0,400.0,
FCS - Foshan City State Essence,12/15/2022,17231.0,,RICOH,1.0,275.0,
FCS - Foshan City State Essence,12/15/2022,17231.0,,RICOH,1.0,275.0,
FCS - Foshan City State Essence,12/15/2022,17231.0,,RICOH,1.0,400.0,
FCS - Foshan City State Essence,12/15/2022,17231.0,,RICOH,1.0,350.0,
FCS - Foshan City State Essence,12/15/2022,17231.0,,RICOH,1.0,350.0,
FCS - Foshan City State Essence,12/15/2022,17231.0,,RICOH,1.0,275.0,
FCS - Foshan City State Essence,12/15/2022,17231.0,,RICOH,1.0,350.0,
FCS - Foshan City State Essence,12/15/2022,17231.0,,RICOH,1.0,350.0,
FCS - Foshan City State Essence,12/15/2022,17231.0,,RICOH,1.0,400.0,
FCS - Foshan City State Essence,12/15/2022,17231.0,,RICOH,1.0,400.0,
FCS - Foshan City State Essence,12/15/2022,17231.0,,RICOH,1.0,400.0,
FCS - Foshan City State Essence,12/15/2022,17231.0,,RICOH,1.0,400.0,
FCS - Foshan City State Essence,12/15/2022,17231.0,,RICOH,1.0,275.0,
FCS - Foshan City State Essence,12/15/2022,17231.0,,RICOH,1.0,400.0,
FCS - Foshan City State Essence,12/15/2022,17231.0,,RICOH,1.0,400.0,
FCS - Foshan City State Essence,12/15/2022,17231.0,,RICOH,1.0,275.0,
FCS - Foshan City State Essence,12/15/2022,17231.0,,RICOH,1.0,350.0,
FCS - Foshan City State Essence,12/15/2022,17231.0,,RICOH,1.0,350.0,
FCS - Foshan City State Essence,12/15/2022,17231.0,,RICOH,1.0,400.0,
FCS - Foshan City State Essence,12/15/2022,17231.0,,RICOH,1.0,275.0,
FCS - Foshan City State Essence,12/15/2022,17231.0,,RICOH,1.0,400.0,
FCS - Foshan City State Essence,12/15/2022,17231.0,,RICOH,1.0,400.0,
FCS - Foshan City State Essence,12/15/2022,17231.0,,RICOH,1.0,400.0,
FCS - Foshan City State Essence,2/6/2023,17294.0,,KONICA MINOLTA,1.0,600.0,
FCS - Foshan City State Essence,2/6/2023,17294.0,TAG 29269,SHARP,1.0,275.0,
FCS - Foshan City State Essence,2/6/2023,17294.0,,KONICA MINOLTA,1.0,475.0,
FCS - Foshan City State Essence,2/6/2023,17294.0,,RICOH,1.0,400.0,
FCS - Foshan City State Essence,2/6/2023,17294.0,,RICOH,1.0,400.0,
FCS - Foshan City State Essence,2/6/2023,17294.0,,TOSHIBA  Inv,1.0,300.0,
FCS - Foshan City State Essence,2/6/2023,17294.0,,RICOH,1.0,200.0,
FCS - Foshan City State Essence,2/6/2023,17294.0,,KONICA MINOLTA,1.0,475.0,
FCS - Foshan City State Essence,2/6/2023,17294.0,,SAVIN  Inv,1.0,500.0,
FCS - Foshan City State Essence,2/6/2023,17294.0,,RICOH,1.0,300.0,
FCS - Foshan City State Essence,2/6/2023,17294.0,,RICOH,1.0,300.0,
FCS - Foshan City State Essence,2/6/2023,17294.0,,RICOH,1.0,300.0,
FCS - Foshan City State Essence,2/6/2023,17294.0,LOADING W/IPPC WOOD,LOADING,1.0,1600.0,
FCS - Foshan City State Essence,2/6/2023,17294.0,FREIGHT,FREIGHT,1.0,3830.0,
FCS - Foshan City State Essence,2/21/2023,17320.0,LOADING W/IPPC WOOD,LOADING,1.0,1600.0,
FCS - Foshan City State Essence,2/21/2023,17320.0,FREIGHT,FREIGHT,1.0,3850.0,
FCS - Foshan City State Essence,3/22/2023,17365.0,LOADING,LOADING,1.0,1600.0,
FCS - Foshan City State Essence,3/22/2023,17365.0,FREIGHT,FREIGHT,1.0,3900.0,
FCS - Foshan City State Essence,3/22/2023,17365.0,,KONICA MINOLTA,1.0,375.0,
FCS - Foshan City State Essence,3/22/2023,17365.0,,KONICA MINOLTA,1.0,325.0,
FCS - Foshan City State Essence,3/22/2023,17365.0,,KONICA MINOLTA,1.0,325.0,
FCS - Foshan City State Essence,3/22/2023,17365.0,,KONICA MINOLTA,1.0,325.0,
FCS - Foshan City State Essence,3/22/2023,17365.0,,RICOH,1.0,200.0,
FCS - Foshan City State Essence,3/22/2023,17365.0,,KONICA MINOLTA,1.0,325.0,
FCS - Foshan City State Essence,3/22/2023,17365.0,,RICOH,1.0,300.0,
FCS - Foshan City State Essence,3/22/2023,17365.0,,KONICA MINOLTA,1.0,300.0,
FCS - Foshan City State Essence,3/22/2023,17365.0,,KONICA MINOLTA,1.0,710.0,
FCS - Foshan City State Essence,3/22/2023,17365.0,,KONICA MINOLTA,1.0,710.0,
FCS - Foshan City State Essence,3/22/2023,17365.0,,SAVIN  Inv,1.0,450.0,
FCS - Foshan City State Essence,3/22/2023,17365.0,,RICOH,1.0,300.0,
FCS - Foshan City State Essence,3/22/2023,17365.0,,RICOH,1.0,450.0,
FCS - Foshan City State Essence,3/22/2023,17365.0,,RICOH,1.0,200.0,
FCS - Foshan City State Essence,3/22/2023,17365.0,,RICOH,1.0,200.0,
FCS - Foshan City State Essence,4/14/2023,17397.0,LOADING W/IPPC WOOD,LOADING,1.0,1600.0,
FCS - Foshan City State Essence,4/14/2023,17397.0,FREIGHT,FREIGHT,1.0,3900.0,
FCS - Foshan City State Essence,4/14/2023,17397.0,,KONICA MINOLTA,1.0,700.0,
FCS - Foshan City State Essence,4/14/2023,17397.0,LCT W/33126,XEROX,1.0,0.0,
FCS - Foshan City State Essence,4/14/2023,17397.0,LCT W/33155,XEROX,1.0,0.0,
FCS - Foshan City State Essence,4/14/2023,17397.0,,RICOH,1.0,300.0,
FCS - Foshan City State Essence,4/14/2023,17397.0,,LANIER,1.0,300.0,
FCS - Foshan City State Essence,5/2/2023,17410.0,LOADING W/IPPC WOOD,LOADING,1.0,1600.0,
FCS - Foshan City State Essence,5/2/2023,17410.0,FREIGHT,FREIGHT,1.0,3900.0,
FCS - Foshan City State Essence,5/3/2023,17416.0,LOADING,LOADING,1.0,1600.0,
FCS - Foshan City State Essence,5/3/2023,17416.0,FREIGHT,FREIGHT,1.0,3900.0,
FCS - Foshan City State Essence,5/3/2023,17416.0,#33521,TOSHIBA  Inv,1.0,0.0,
FCS - Foshan City State Essence,6/8/2023,17472.0,LOADING W/IPPC WOOD,LOADING,1.0,1600.0,
FCS - Foshan City State Essence,6/8/2023,17472.0,FREIGHT,FREIGHT,1.0,3752.0,
FCS - Foshan City State Essence,6/8/2023,17472.0,CHANGE FEE,FREIGHT,1.0,500.0,
FCS - Foshan City State Essence,6/8/2023,17472.0,DOC AMENDMENT FEE,FREIGHT,1.0,80.0,
FCS - Foshan City State Essence,6/29/2023,17494.0,LOADING W/IPPC WOOD,LOADING,1.0,1600.0,
FCS - Foshan City State Essence,6/29/2023,17494.0,FREIGHT,FREIGHT,1.0,3350.0,
FCS - Foshan City State Essence,6/29/2023,17494.0,TAG #: 33399,KONICA MINOLTA,1.0,100.0,
FCS - Foshan City State Essence,6/29/2023,17494.0,TAG#: 35296,RICOH,1.0,1150.0,
FCS - Foshan City State Essence,6/29/2023,17494.0,TAG#: 35295,RICOH,1.0,1150.0,
FCS - Foshan City State Essence,6/29/2023,17494.0,TAG #:24094,SHARP,1.0,50.0,
FCS - Foshan City State Essence,6/29/2023,17494.0,MAY 2016 TAG #: 35306,KONICA MINOLTA,1.0,150.0,
FCS - Foshan City State Essence,12/30/2023,17750.0,ADJUST CM17729 TO ZERO,ADJUSTMENT,1.0,28.0,
FERNANDO MINAN,7/21/2023,17541.0,VOID:,RICOH,0.0,95.0,
Flat Rate Copiers LLC,5/23/2022,16964.0,NC (Picked up by Carrier),XEROX,1.0,500.0,
Foshan Cyber Fire Science & Technology Co,12/18/2020,16111.0,LOADING W/IPPC WOOD,LOADING,1.0,1300.0,
Foshan Cyber Fire Science & Technology Co,12/18/2020,16111.0,FREIGHT,FREIGHT,1.0,2830.0,
Foshan Cyber Fire Science & Technology Co,12/18/2020,16111.0,S/N V699600078,SAVIN,1.0,1000.0,
Foshan Cyber Fire Science & Technology Co,12/18/2020,16111.0,12/2/2020,RICOH,1.0,275.0,
Foshan Cyber Fire Science & Technology Co,12/18/2020,16111.0,12/2/2020,RICOH,1.0,125.0,
Foshan Cyber Fire Science & Technology Co,12/18/2020,16111.0,S/N E155M410969,SAVIN,1.0,225.0,
Foshan Cyber Fire Science & Technology Co,12/18/2020,16111.0,12/2/2020,LANIER,1.0,275.0,
Foshan Cyber Fire Science & Technology Co,12/18/2020,16111.0,12/2/2020,RICOH,1.0,275.0,
Foshan Cyber Fire Science & Technology Co,12/18/2020,16111.0,12/2/2020,RICOH,1.0,225.0,
Foshan Cyber Fire Science & Technology Co,4/28/2021,16306.0,FINISHER W/13754,RICOH,1.0,0.0,
Foshan Cyber Fire Science & Technology Co,4/28/2021,16306.0,FINISHER W/13755,RICOH,1.0,0.0,
Foshan Cyber Fire Science & Technology Co,4/28/2021,16306.0,FINISHER W/13756,RICOH,1.0,0.0,
Foshan Cyber Fire Science & Technology Co,4/28/2021,16306.0,LOADING W/IPPC WOOD,LOADING,1.0,1400.0,
Foshan Cyber Fire Science & Technology Co,4/28/2021,16306.0,FREIGHT,FREIGHT,1.0,3330.0,
Foshan Cyber Fire Science & Technology Co,4/28/2021,16306.0,S/N L584060C021 FINISHER,SAVIN,1.0,0.0,
Foshan Cyber Fire Science & Technology Co,4/28/2021,16306.0,FINISHER,SHARP,1.0,0.0,
Foshan Cyber Fire Science & Technology Co,4/28/2021,16306.0,4/19/2021,SHARP,1.0,400.0,
Foshan Cyber Fire Science & Technology Co,4/28/2021,16306.0,4/19/2021,SHARP,1.0,350.0,
Foshan Cyber Fire Science & Technology Co,4/28/2021,16306.0,FIERY W/13834,KONICA MINOLTA,1.0,0.0,
Foshan Cyber Fire Science & Technology Co,4/28/2021,16306.0,LCT W/13834,KONICA MINOLTA,1.0,0.0,
Foshan Cyber Fire Science & Technology Co,5/18/2021,16329.0,LOADING W/IPPC WOOD,LOADING,1.0,1400.0,
Foshan Cyber Fire Science & Technology Co,5/18/2021,16329.0,FREIGHT,FREIGHT,1.0,3430.0,
Foshan Cyber Fire Science & Technology Co,5/18/2021,16329.0,SCALE FEE,FREIGHT,1.0,200.0,
Foshan Cyber Fire Science & Technology Co,5/18/2021,16329.0,S/N E485Y800131 LCT W/14170,SAVIN,1.0,0.0,
Foshan Cyber Fire Science & Technology Co,5/18/2021,16329.0,S/N E445Q710204 FINISHER W/14170,SAVIN,1.0,0.0,
Foshan Cyber Fire Science & Technology Co,5/18/2021,16329.0,S/N C268Q312049 FINISHER W/14184,SAVIN,1.0,0.0,
Foshan Cyber Fire Science & Technology Co,5/18/2021,16329.0,SCANNER W/13798,XEROX,1.0,0.0,
Foshan Cyber Fire Science & Technology Co,5/18/2021,16329.0,FIERY W/14184 - S/N N/A,SAVIN,1.0,0.0,
Foshan Cyber Fire Science & Technology Co,5/18/2021,16329.0,5/7/2021,SHARP,1.0,300.0,
Foshan Cyber Fire Science & Technology Co,5/18/2021,16329.0,5/7/2021,SHARP,1.0,300.0,
Foshan Cyber Fire Science & Technology Co,5/18/2021,16329.0,5/7/2021,SHARP,1.0,300.0,
Foshan Cyber Fire Science & Technology Co,5/18/2021,16329.0,5/7/2021,SHARP,1.0,300.0,
Foshan Cyber Fire Science & Technology Co,5/18/2021,16329.0,5/7/2021,SHARP,1.0,300.0,
Foshan Cyber Fire Science & Technology Co,5/18/2021,16329.0,5/7/2021,SHARP,1.0,300.0,
Foshan Cyber Fire Science & Technology Co,5/18/2021,16329.0,LCT W/14231,RICOH,1.0,0.0,
Foshan Cyber Fire Science & Technology Co,5/18/2021,16329.0,FINISHER W/14231,RICOH,1.0,0.0,
Foshan Cyber Fire Science & Technology Co,5/18/2021,16329.0,LCT W/14232,RICOH,1.0,0.0,
Foshan Cyber Fire Science & Technology Co,5/18/2021,16329.0,FINISHER W/14232,RICOH,1.0,0.0,
Foshan Cyber Fire Science & Technology Co,5/18/2021,16329.0,LCT W/13863,RICOH,1.0,0.0,
Foshan Cyber Fire Science & Technology Co,5/18/2021,16329.0,FINISHER W/13868,RICOH,1.0,0.0,
Foshan Cyber Fire Science & Technology Co,5/18/2021,16329.0,LCT W/13867,RICOH,1.0,0.0,
Foshan Cyber Fire Science & Technology Co,5/18/2021,16329.0,FINISHER W/13867,RICOH,1.0,0.0,
Foshan Cyber Fire Science & Technology Co,5/18/2021,16329.0,FINISHER W/13864 NO LCT,RICOH,1.0,0.0,
Foshan Cyber Fire Science & Technology Co,5/18/2021,16329.0,LCT W/13865,RICOH,1.0,0.0,
Foshan Cyber Fire Science & Technology Co,5/18/2021,16329.0,FINISHER W/13865,RICOH,1.0,0.0,
Foshan Cyber Fire Science & Technology Co,5/18/2021,16329.0,LCT W/13866,RICOH,1.0,0.0,
Foshan Cyber Fire Science & Technology Co,5/18/2021,16329.0,FINISHER W/13866,RICOH,1.0,0.0,
Foshan Cyber Fire Science & Technology Co,5/18/2021,16329.0,LCT W/13875,LANIER,1.0,0.0,
Foshan Cyber Fire Science & Technology Co,5/27/2021,16356.0,LOADING W/IPPC WOOD,LOADING,1.0,1600.0,
Foshan Cyber Fire Science & Technology Co,5/27/2021,16356.0,FREIGHT,FREIGHT,1.0,3530.0,
Foshan Cyber Fire Science & Technology Co,5/27/2021,16356.0,SCALE FEE,FREIGHT,1.0,200.0,
Foshan Cyber Fire Science & Technology Co,5/27/2021,16356.0,FIERY W/15104,CANON,1.0,0.0,
Foshan Cyber Fire Science & Technology Co,6/30/2021,16413.0,FINISHER S/N E844E210038,SAVIN,1.0,0.0,
Foshan Cyber Fire Science & Technology Co,6/30/2021,16413.0,LOADING W/IPPC WOOD,LOADING,1.0,1600.0,
Foshan Cyber Fire Science & Technology Co,6/30/2021,16413.0,FREIGHT (ESTIMATE),FREIGHT,1.0,3730.0,
Foshan Cyber Fire Science & Technology Co,6/30/2021,16413.0,FINISHER W/16230,RICOH,1.0,0.0,
Foshan Cyber Fire Science & Technology Co,6/30/2021,16413.0,LCT W/16230,RICOH,1.0,0.0,
Foshan Cyber Fire Science & Technology Co,6/30/2021,16413.0,LCT W/16234,RICOH,1.0,0.0,
Foshan Cyber Fire Science & Technology Co,6/30/2021,16413.0,FINISHER W/16234,RICOH,1.0,0.0,
Foshan Cyber Fire Science & Technology Co,6/30/2021,16413.0,LCT W/16236,RICOH,1.0,0.0,
Foshan Cyber Fire Science & Technology Co,6/30/2021,16413.0,FINISHER W/16238,RICOH,1.0,0.0,
Foshan Cyber Fire Science & Technology Co,6/30/2021,16413.0,LCT W/16271,RICOH,1.0,0.0,
Foshan Cyber Fire Science & Technology Co,6/30/2021,16413.0,LCT W/15358,RICOH,1.0,0.0,
Foshan Cyber Fire Science & Technology Co,6/30/2021,16424.0,LOADING W/IPPC WOOD,LOADING,1.0,1600.0,
Foshan Cyber Fire Science & Technology Co,6/30/2021,16424.0,FREIGHT,FREIGHT,1.0,3530.0,
Foshan Cyber Fire Science & Technology Co,6/30/2021,16413.0,SCALE FEE,FREIGHT,1.0,200.0,
Foshan Cyber Fire Science & Technology Co,6/30/2021,16424.0,SCALE FEE,FREIGHT,1.0,200.0,
Foshan Cyber Fire Science & Technology Co,6/30/2021,16424.0,FINISHER,RICOH,1.0,0.0,
Foshan Cyber Fire Science & Technology Co,6/30/2021,16424.0,LCT,RICOH,1.0,0.0,
Foshan Cyber Fire Science & Technology Co,6/30/2021,16424.0,FINISHER,RICOH,1.0,0.0,
Foshan Cyber Fire Science & Technology Co,6/30/2021,16424.0,FINISHER,RICOH,1.0,0.0,
Foshan Cyber Fire Science & Technology Co,6/30/2021,16424.0,LCT,RICOH,1.0,0.0,
Foshan Cyber Fire Science & Technology Co,6/30/2021,16424.0,LCT,SHARP,1.0,0.0,
Foshan Cyber Fire Science & Technology Co,6/30/2021,16424.0,,KYOCERA,1.0,50.0,
Foshan Cyber Fire Science & Technology Co,7/27/2021,16435.0,5000XI W/ MFP PRINT HEADS,HP,1.0,10000.0,
Foshan Cyber Fire Science & Technology Co,7/27/2021,16435.0,9900/4ROLL 720 SCANNER,KIP,1.0,0.0,
Foshan Cyber Fire Science & Technology Co,7/27/2021,16435.0,C7800/3ROLLS 2300 SCANNER,KIP,1.0,2800.0,
Foshan Cyber Fire Science & Technology Co,7/27/2021,16435.0,LOADING W/IPPC WOOD,LOADING,1.0,1600.0,
Foshan Cyber Fire Science & Technology Co,7/27/2021,16435.0,FREIGHT,FREIGHT,1.0,3530.0,
Foshan Cyber Fire Science & Technology Co,7/27/2021,16435.0,SCALE FEE,FREIGHT,1.0,200.0,
Foshan Cyber Fire Science & Technology Co,7/27/2021,16435.0,OTHER,LANIER,1.0,0.0,
Foshan Cyber Fire Science & Technology Co,7/27/2021,16435.0,FINISHER W/16841,RICOH,1.0,0.0,
Foshan Cyber Fire Science & Technology Co,7/27/2021,16435.0,,KIP,1.0,6500.0,
Foshan Cyber Fire Science & Technology Co,7/27/2021,16435.0,SCANNER W/C7800,KIP,1.0,0.0,
Foshan Cyber Fire Science & Technology Co,7/27/2021,16435.0,S/N CN61711002 OTHER,HP,1.0,0.0,
Foshan Cyber Fire Science & Technology Co,7/27/2021,16435.0,S/N 330111812,OCE,1.0,2500.0,
Foshan Cyber Fire Science & Technology Co,7/27/2021,16435.0,MFP PRINT HEADS,HP,1.0,0.0,
Foshan Cyber Fire Science & Technology Co,9/10/2021,16505.0,LOADING W/IPPC WOOD,LOADING,1.0,1600.0,
Foshan Cyber Fire Science & Technology Co,9/10/2021,16505.0,FREIGHT (ESTIMATE),FREIGHT,1.0,3820.0,
Foshan Cyber Fire Science & Technology Co,9/10/2021,16505.0,SCALE FEE,FREIGHT,1.0,200.0,
Foshan Cyber Fire Science & Technology Co,9/10/2021,16505.0,FINISHER W/17691,RICOH,1.0,0.0,
Foshan Cyber Fire Science & Technology Co,9/10/2021,16505.0,FINISHER W/18047,RICOH,1.0,0.0,
Foshan Cyber Fire Science & Technology Co,9/10/2021,16505.0,FINISHER W/18185,RICOH,1.0,0.0,
Foshan Cyber Fire Science & Technology Co,9/10/2021,16505.0,FINISHER W/17672,RICOH,1.0,0.0,
Foshan Cyber Fire Science & Technology Co,9/10/2021,16505.0,FINISHER W/18260,RICOH,1.0,0.0,
Foshan Cyber Fire Science & Technology Co,9/10/2021,16505.0,FINISHER W/18253,RICOH,1.0,0.0,
Foshan Cyber Fire Science & Technology Co,9/10/2021,16505.0,FINISHER W/18254,RICOH,1.0,0.0,
Foshan Cyber Fire Science & Technology Co,9/10/2021,16505.0,S/N W864L005910   NO FINISHER,SAVIN,1.0,1650.0,
Foshan Cyber Fire Science & Technology Co,9/10/2021,16505.0,FINISHER W/18406,RICOH,1.0,0.0,
Foshan Cyber Fire Science & Technology Co,9/10/2021,16505.0,S/N W875L000686  NO FINISHER,SAVIN,1.0,1650.0,
Foshan Cyber Fire Science & Technology Co,9/10/2021,16505.0,FINISHER W/18268,RICOH,1.0,0.0,
Foshan Cyber Fire Science & Technology Co,9/10/2021,16505.0,FINISHER W/18273,RICOH,1.0,0.0,
Foshan Cyber Fire Science & Technology Co,9/10/2021,16505.0,FINISHER W/18267,RICOH,1.0,0.0,
Foshan Cyber Fire Science & Technology Co,9/10/2021,16505.0,FINISHER W/18203,RICOH,1.0,0.0,
Foshan Cyber Fire Science & Technology Co,9/10/2021,16505.0,FINISHER W/18204,RICOH,1.0,0.0,
Foshan Cyber Fire Science & Technology Co,9/10/2021,16505.0,FINISHER W/18272,RICOH,1.0,0.0,
Foshan Cyber Fire Science & Technology Co,9/10/2021,16505.0,FINISHER W/18252,RICOH,1.0,0.0,
Foshan Cyber Fire Science & Technology Co,9/10/2021,16505.0,FINISHER W/18258,RICOH,1.0,0.0,
Foshan Cyber Fire Science & Technology Co,9/10/2021,16505.0,FINISHER W/18414,RICOH,1.0,0.0,
Foshan Cyber Fire Science & Technology Co,9/10/2021,16505.0,FINISHER W/18278,RICOH,1.0,0.0,
Foshan Cyber Fire Science & Technology Co,10/22/2021,16585.0,FREIGHT,FREIGHT,1.0,4020.0,
Foshan Cyber Fire Science & Technology Co,10/22/2021,16585.0,SCALE FEE,FREIGHT,1.0,200.0,
Foshan Cyber Fire Science & Technology Co,10/22/2021,16585.0,,KONICA MINOLTA,1.0,475.0,
Foshan Cyber Fire Science & Technology Co,10/22/2021,16585.0,FINISHER,RICOH,1.0,0.0,
Foshan Cyber Fire Science & Technology Co,10/22/2021,16585.0,Loading W IPPC Wood,LOADING,1.0,1600.0,
Foshan Cyber Fire Science & Technology Co,10/22/2021,16585.0,,LANIER,1.0,1800.0,
Foshan Cyber Fire Science & Technology Co,10/22/2021,16585.0,FINISHER,RICOH,1.0,0.0,
Foshan Cyber Fire Science & Technology Co,10/22/2021,16585.0,FINISHER,RICOH,1.0,0.0,
Foshan Cyber Fire Science & Technology Co,10/22/2021,16585.0,FINISHER,RICOH,1.0,0.0,
Foshan Cyber Fire Science & Technology Co,10/22/2021,16585.0,FINISHER,RICOH,1.0,0.0,
Foshan Cyber Fire Science & Technology Co,10/22/2021,16585.0,FINISHER,RICOH,1.0,0.0,
Foshan Cyber Fire Science & Technology Co,10/22/2021,16585.0,FINISHER,RICOH,1.0,0.0,
Foshan Cyber Fire Science & Technology Co,10/22/2021,16585.0,FINISHER,RICOH,1.0,0.0,
Foshan Cyber Fire Science & Technology Co,10/22/2021,16585.0,FINISHER,RICOH,1.0,0.0,
Foshan Cyber Fire Science & Technology Co,10/22/2021,16585.0,FINISHER,RICOH,1.0,0.0,
Foshan Cyber Fire Science & Technology Co,10/22/2021,16585.0,FINISHER,RICOH,1.0,0.0,
Foshan Cyber Fire Science & Technology Co,10/22/2021,16585.0,FINISHER,RICOH,1.0,0.0,
Foshan Cyber Fire Science & Technology Co,10/22/2021,16585.0,FINISHER,RICOH,1.0,0.0,
Foshan Cyber Fire Science & Technology Co,10/22/2021,16585.0,FINISHER,RICOH,1.0,0.0,
Foshan Cyber Fire Science & Technology Co,10/22/2021,16585.0,FINISHER,RICOH,1.0,0.0,
Fotocopiadoras Importadas,8/31/2023,17566.0,8/2/2023,RICOH,1.0,95.0,
Fotocopiadoras Importadas,8/31/2023,17566.0,TAG GA0458,RICOH,1.0,95.0,
Fotocopiadoras Importadas,8/31/2023,17566.0,TAG GA0457,RICOH,1.0,95.0,
Fotocopiadoras Importadas,8/31/2023,17566.0,TAG GA0175,RICOH,1.0,250.0,
Fotocopiadoras Importadas,8/31/2023,17566.0,TAG GA0225,RICOH,1.0,250.0,
Fotocopiadoras Importadas,8/31/2023,17566.0,LOADING,LOADING,1.0,1600.0,
Fotocopiadoras Importadas,8/31/2023,17566.0,FREIGHT,FREIGHT,1.0,4520.0,
Fotocopiadoras Importadas,1/3/2024,17736.0,LOADING,LOADING,0.0,1600.0,
Fotocopiadoras Importadas,1/31/2024,17731.0,TAG 37451,RICOH,1.0,275.0,
Fotocopiadoras Importadas,1/31/2024,17731.0,LOADING,LOADING,1.0,1600.0,
Fotocopiadoras Importadas,1/31/2024,17731.0,FREIGHT TBD,FREIGHT,1.0,0.0,
Frank Canova,6/13/2024,17897.0,Freight - MOE,FREIGHT,1.0,345.0,
Frank Canova,6/13/2024,17897.0,6% sales tax,FEES,1.0,230.7,
Frank Canova,6/13/2024,17897.0,Credit card fee,Credit Card Fee,1.0,40.76,
Freedom Star General Trading Co. LLC,11/5/2020,16070.0,,TOSHIBA,3.0,60.0,
Freedom Star General Trading Co. LLC,11/5/2020,16070.0,,TOSHIBA,7.0,75.0,
Freedom Star General Trading Co. LLC,11/5/2020,16070.0,,TOSHIBA,38.0,35.0,
Freedom Star General Trading Co. LLC,11/5/2020,16070.0,,TOSHIBA,26.0,35.0,
Freedom Star General Trading Co. LLC,11/5/2020,16070.0,,TOSHIBA,11.0,60.0,
Freedom Star General Trading Co. LLC,11/5/2020,16070.0,,TOSHIBA,13.0,60.0,
Freedom Star General Trading Co. LLC,11/5/2020,16070.0,,TOSHIBA,17.0,75.0,
Freedom Star General Trading Co. LLC,11/5/2020,16070.0,,TOSHIBA,11.0,75.0,
Freedom Star General Trading Co. LLC,11/5/2020,16069.0,,TOSHIBA,45.0,35.0,
Freedom Star General Trading Co. LLC,11/5/2020,16069.0,,TOSHIBA,11.0,60.0,
Freedom Star General Trading Co. LLC,11/5/2020,16069.0,,TOSHIBA,25.0,35.0,
Freedom Star General Trading Co. LLC,11/5/2020,16069.0,,TOSHIBA,12.0,60.0,
Freedom Star General Trading Co. LLC,11/5/2020,16069.0,,TOSHIBA,10.0,75.0,
Freedom Star General Trading Co. LLC,11/5/2020,16069.0,,TOSHIBA,25.0,75.0,
Freedom Star General Trading Co. LLC,11/5/2020,16070.0,LOADING,LOADING,1.0,1100.0,
Freedom Star General Trading Co. LLC,11/5/2020,16070.0,FREIGHT,FREIGHT,1.0,2700.0,
Freedom Star General Trading Co. LLC,11/5/2020,16069.0,LOADING,LOADING,1.0,1100.0,
Freedom Star General Trading Co. LLC,11/5/2020,16069.0,FREIGHT,FREIGHT,1.0,2700.0,
Freedom Star General Trading Co. LLC,11/5/2020,16070.0,,TOSHIBA,17.0,35.0,
Freedom Star General Trading Co. LLC,11/5/2020,16069.0,,TOSHIBA,1.0,35.0,
Freedom Star General Trading Co. LLC,11/5/2020,16069.0,,TOSHIBA,5.0,35.0,
Freedom Star General Trading Co. LLC,9/19/2022,17053.0,8/5/2022,LOADING,1.0,1600.0,
Freedom Star General Trading Co. LLC,9/19/2022,17053.0,8/5/2022,SHARP,1.0,170.0,
Freedom Star General Trading Co. LLC,9/19/2022,17053.0,8/5/2022,FREIGHT,1.0,4100.0,
Freedom Star General Trading Co. LLC,12/28/2022,17228.0,12/12/2022,SHARP,1.0,250.0,
Freedom Star General Trading Co. LLC,12/28/2022,17228.0,12/12/2022,LANIER,1.0,1475.0,
Freedom Star General Trading Co. LLC,12/28/2022,17228.0,12/12/2022,RICOH,1.0,1475.0,
Freedom Star General Trading Co. LLC,12/28/2022,17228.0,12/12/2022,LANIER,1.0,1475.0,
Freedom Star General Trading Co. LLC,12/28/2022,17228.0,12/12/2022,LANIER,1.0,1475.0,
Freedom Star General Trading Co. LLC,12/28/2022,17228.0,29917,RICOH,1.0,1475.0,
Freedom Star General Trading Co. LLC,12/28/2022,17228.0,12/12/2022,RICOH,1.0,1475.0,
Freedom Star General Trading Co. LLC,12/28/2022,17228.0,LOADING,LOADING,1.0,1600.0,
Freedom Star General Trading Co. LLC,12/28/2022,17228.0,FINISHERS,RICOH,25.0,0.0,
Freedom Star General Trading Co. LLC,12/28/2022,17228.0,FREIGHT,FREIGHT,1.0,4200.0,
Freedom Star General Trading Co. LLC,1/31/2023,17275.0,LOADING,LOADING,1.0,1600.0,
Freedom Star General Trading Co. LLC,1/31/2023,17275.0,FREIGHT (ACTUAL),FREIGHT,1.0,4000.0,
Freedom Star General Trading Co. LLC,5/3/2023,17415.0,LOADING,LOADING,0.0,1600.0,
Freedom Star General Trading Co. LLC,5/3/2023,17415.0,FREIGHT (ESTIMATE),FREIGHT,0.0,4000.0,
Freedom Star General Trading Co. LLC,6/9/2023,17452.0,LOADING,LOADING,1.0,1600.0,
Freedom Star General Trading Co. LLC,6/9/2023,17452.0,FINISHERS FOR MP7503 - NO CHARGE,RICOH,6.0,0.0,
Freedom Star General Trading Co. LLC,6/9/2023,17452.0,TAG 34051,SHARP,1.0,50.0,
Freedom Star General Trading Co. LLC,6/9/2023,17452.0,TAG 33464,SHARP,1.0,100.0,
Freedom Star General Trading Co. LLC,6/9/2023,17452.0,TAG 30275,SHARP,1.0,225.0,
Freedom Star General Trading Co. LLC,6/9/2023,17452.0,5/22/2023,RICOH,1.0,0.0,
Freedom Star General Trading Co. LLC,6/9/2023,17452.0,5/22/2023,SHARP,1.0,50.0,
Freedom Star General Trading Co. LLC,8/31/2023,17585.0,LOADING,LOADING,1.0,1600.0,
Freedom Star General Trading Co. LLC,9/28/2023,17651.0,,RICOH,2.0,50.0,
Freedom Star General Trading Co. LLC,9/28/2023,17651.0,,RICOH,1.0,50.0,
Freedom Star General Trading Co. LLC,9/28/2023,17651.0,,RICOH,7.0,50.0,
Freedom Star General Trading Co. LLC,9/28/2023,17651.0,,RICOH,9.0,50.0,
Freedom Star General Trading Co. LLC,9/28/2023,17651.0,,RICOH,4.0,50.0,
Freedom Star General Trading Co. LLC,9/28/2023,17651.0,,TOSHIBA  Inv,1.0,50.0,
Freedom Star General Trading Co. LLC,9/28/2023,17651.0,,TOSHIBA  Inv,6.0,50.0,
Freedom Star General Trading Co. LLC,9/28/2023,17651.0,,TOSHIBA  Inv,7.0,60.0,
Freedom Star General Trading Co. LLC,9/28/2023,17651.0,,TOSHIBA  Inv,1.0,85.0,
Freedom Star General Trading Co. LLC,9/28/2023,17651.0,,TOSHIBA  Inv,1.0,40.0,
Freedom Star General Trading Co. LLC,9/28/2023,17651.0,,TOSHIBA  Inv,6.0,50.0,
Freedom Star General Trading Co. LLC,9/28/2023,17651.0,,TOSHIBA  Inv,3.0,50.0,
Freedom Star General Trading Co. LLC,9/28/2023,17651.0,,TOSHIBA  Inv,4.0,50.0,
Freedom Star General Trading Co. LLC,9/28/2023,17651.0,,TOSHIBA  Inv,10.0,50.0,
Freedom Star General Trading Co. LLC,9/28/2023,17651.0,,TOSHIBA  Inv,4.0,50.0,
Freedom Star General Trading Co. LLC,9/28/2023,17651.0,,TOSHIBA  Inv,11.0,150.0,
Freedom Star General Trading Co. LLC,9/28/2023,17651.0,,TOSHIBA  Inv,3.0,150.0,
Freedom Star General Trading Co. LLC,9/28/2023,17651.0,,TOSHIBA  Inv,1.0,170.0,
Freedom Star General Trading Co. LLC,9/28/2023,17651.0,,TOSHIBA  Inv,6.0,170.0,
Freedom Star General Trading Co. LLC,9/28/2023,17651.0,,TOSHIBA  Inv,2.0,150.0,
Freedom Star General Trading Co. LLC,9/28/2023,17651.0,,KONICA MINOLTA,1.0,150.0,
Freedom Star General Trading Co. LLC,9/28/2023,17651.0,,TOSHIBA,4.0,70.0,
Freedom Star General Trading Co. LLC,9/28/2023,17651.0,,TOSHIBA  Inv,1.0,70.0,
Freedom Star General Trading Co. LLC,9/28/2023,17651.0,,KONICA MINOLTA,1.0,230.0,
Freedom Star General Trading Co. LLC,9/28/2023,17651.0,,TOSHIBA,3.0,60.0,
Freedom Star General Trading Co. LLC,9/28/2023,17651.0,,TOSHIBA,1.0,60.0,
Freedom Star General Trading Co. LLC,9/28/2023,17651.0,,TOSHIBA,1.0,50.0,
Freedom Star General Trading Co. LLC,9/28/2023,17651.0,,TOSHIBA,1.0,25.0,
Freedom Star General Trading Co. LLC,9/28/2023,17651.0,,TOSHIBA,3.0,25.0,
Freedom Star General Trading Co. LLC,9/28/2023,17651.0,,TOSHIBA,1.0,25.0,
Freedom Star General Trading Co. LLC,9/28/2023,17651.0,,TOSHIBA,1.0,0.0,
Freedom Star General Trading Co. LLC,9/28/2023,17651.0,,TOSHIBA,1.0,70.0,
Freedom Star General Trading Co. LLC,9/28/2023,17651.0,,TOSHIBA,1.0,50.0,
Freedom Star General Trading Co. LLC,9/28/2023,17651.0,LOADING,LOADING,1.0,1600.0,
Freedom Star General Trading Co. LLC,12/14/2023,17721.0,LOADING,LOADING,0.0,1600.0,
Freedom Star General Trading Co. LLC,12/14/2023,17721.0,FREIGHT TBD,FREIGHT,0.0,0.0,
Freedom Star General Trading Co. LLC,1/3/2024,17723.0,Package of machines as per attached,PACKAGE  Inv,1.0,33550.0,
Freedom Star General Trading Co. LLC,1/3/2024,17723.0,LOADING,LOADING,1.0,1600.0,
Freedom Star General Trading Co. LLC,1/3/2024,17723.0,FREIGHT,FREIGHT,1.0,3000.0,
Freedom Star General Trading Co. LLC,1/16/2024,17735.0,LOADING,LOADING,1.0,1600.0,
Freedom Star General Trading Co. LLC,1/16/2024,17735.0,FREIGHT (ESTIMATE GSL),FREIGHT,1.0,2650.0,
Freedom Star General Trading Co. LLC,1/16/2024,17735.0,FINISHERS,RICOH,4.0,0.0,
Freedom Star General Trading Co. LLC,4/4/2024,17819.0,FINISHERS FOR MP6002/7502,RICOH,0.0,0.0,
Freedom Star General Trading Co. LLC,4/4/2024,17819.0,LOADING,LOADING,0.0,1600.0,
Freedom Star General Trading Co. LLC,5/2/2024,17843.0,4/26/2024,TOSHIBA  Inv,1.0,150.0,
Freedom Star General Trading Co. LLC,5/2/2024,17843.0,4/26/2024,TOSHIBA  Inv,1.0,150.0,
Freedom Star General Trading Co. LLC,5/2/2024,17843.0,4/26/2024,TOSHIBA  Inv,1.0,150.0,
Freedom Star General Trading Co. LLC,5/2/2024,17843.0,FINISHER,RICOH,1.0,0.0,
Freedom Star General Trading Co. LLC,5/2/2024,17843.0,FINISHER,RICOH,1.0,0.0,
Freedom Star General Trading Co. LLC,5/2/2024,17843.0,FINISHER,RICOH,1.0,0.0,
Freedom Star General Trading Co. LLC,5/2/2024,17843.0,FINISHER,RICOH,1.0,0.0,
Freedom Star General Trading Co. LLC,5/2/2024,17843.0,FINISHER,RICOH,1.0,0.0,
Freedom Star General Trading Co. LLC,5/2/2024,17843.0,FINISHER,RICOH,1.0,0.0,
Freedom Star General Trading Co. LLC,5/2/2024,17843.0,FINISHER,RICOH,1.0,0.0,
Freedom Star General Trading Co. LLC,5/2/2024,17843.0,FINISHER,RICOH,1.0,0.0,
Freedom Star General Trading Co. LLC,5/2/2024,17843.0,FINISHER,RICOH,1.0,0.0,
Freedom Star General Trading Co. LLC,5/2/2024,17843.0,FINISHER,RICOH,1.0,0.0,
Freedom Star General Trading Co. LLC,5/2/2024,17843.0,FINISHER,RICOH,1.0,0.0,
Freedom Star General Trading Co. LLC,5/2/2024,17843.0,FINISHER,RICOH,1.0,0.0,
Freedom Star General Trading Co. LLC,5/2/2024,17843.0,FINISHER,RICOH,1.0,0.0,
Freedom Star General Trading Co. LLC,5/2/2024,17843.0,FINISHER,RICOH,1.0,0.0,
Freedom Star General Trading Co. LLC,5/2/2024,17843.0,FINISHER,RICOH,1.0,0.0,
Freedom Star General Trading Co. LLC,5/2/2024,17843.0,FINISHER,RICOH,1.0,0.0,
Freedom Star General Trading Co. LLC,5/2/2024,17843.0,FINISHER,RICOH,1.0,0.0,
Freedom Star General Trading Co. LLC,5/2/2024,17843.0,LOADING,LOADING,1.0,1600.0,
Fuerte Cafe Inc.,10/11/2021,16577.0,TBC Shipping,FREIGHT,1.0,200.0,
Galaxy Copiers,10/15/2020,16003.0,shipping paid and arranged by customer,FREIGHT,1.0,0.0,
"Gangaram, Jaishema",10/15/2020,16006.0,EXTRA FEES FOR WIRE,FEES,1.0,10.0,
"Gangaram, Jaishema",2/17/2023,17314.0,TBC Shipping,FREIGHT,0.0,250.0,
"Gangaram, Jaishema",3/27/2023,17371.0,,CANON,1.0,300.0,
"Gangaram, Jaishema",3/27/2023,17371.0,,CANON,1.0,300.0,
Gemini Recovery Centers,10/17/2023,17667.0,,SAVIN  Inv,1.0,350.0,
Genao Law P.C.,11/19/2021,16657.0,TBC Shipping,FREIGHT,1.0,300.0,
Genesis Copiers,6/3/2021,16364.0,LCT W/14328,RICOH,1.0,0.0,
Genesis Copiers,6/3/2021,16364.0,FINISHER W/14328,RICOH,1.0,0.0,
Genesis Copiers,6/3/2021,16364.0,PUNCH UNIT TYPE 1075,RICOH,1.0,0.0,
Global Copier Resource Pte Ltd,9/29/2020,15960.0,"Balance of $7,225 moved from old QB for receipt of payment",PACKAGE,1.0,7225.0,
Global Copier Resource Pte Ltd,11/23/2020,16046.0,11/4/2020,CANON,1.0,800.0,
Global Copier Resource Pte Ltd,11/23/2020,16046.0,11/4/2020,CANON,1.0,450.0,
Global Copier Resource Pte Ltd,11/23/2020,16046.0,11/4/2020,CANON,1.0,150.0,
Global Copier Resource Pte Ltd,11/23/2020,16046.0,11/4/2020,CANON,1.0,175.0,
Global Copier Resource Pte Ltd,11/23/2020,16046.0,11/4/2020,CANON,1.0,150.0,
Global Copier Resource Pte Ltd,11/23/2020,16046.0,11/4/2020,CANON,1.0,50.0,
Global Copier Resource Pte Ltd,11/23/2020,16046.0,11/4/2020,CANON,1.0,75.0,
Global Copier Resource Pte Ltd,11/23/2020,16046.0,11/4/2020,RICOH,1.0,250.0,
Global Copier Resource Pte Ltd,11/23/2020,16046.0,11/4/2020,CANON,1.0,500.0,
Global Copier Resource Pte Ltd,11/23/2020,16046.0,11/4/2020,CANON,1.0,500.0,
Global Copier Resource Pte Ltd,11/23/2020,16046.0,S/N CGC614546,TOSHIBA,1.0,125.0,
Global Copier Resource Pte Ltd,11/23/2020,16046.0,11/4/2020,CANON,1.0,750.0,
Global Copier Resource Pte Ltd,11/23/2020,16046.0,11/4/2020,CANON,1.0,750.0,
Global Copier Resource Pte Ltd,11/23/2020,16046.0,11/4/2020,CANON,1.0,750.0,
Global Copier Resource Pte Ltd,11/23/2020,16046.0,11/4/2020,CANON,1.0,750.0,
Global Copier Resource Pte Ltd,11/23/2020,16046.0,11/4/2020,CANON,1.0,450.0,
Global Copier Resource Pte Ltd,11/23/2020,16046.0,11/4/2020,CANON,1.0,175.0,
Global Copier Resource Pte Ltd,11/23/2020,16046.0,FINISHER,CANON,1.0,0.0,
Global Copier Resource Pte Ltd,11/23/2020,16046.0,FINISHER,CANON,1.0,0.0,
Global Copier Resource Pte Ltd,11/23/2020,16046.0,FINISHER,CANON,1.0,0.0,
Global Copier Resource Pte Ltd,11/23/2020,16046.0,FINISHER,CANON,1.0,0.0,
Global Copier Resource Pte Ltd,11/23/2020,16046.0,FINISHER,CANON,1.0,0.0,
Global Copier Resource Pte Ltd,11/23/2020,16046.0,11/4/2020,CANON,1.0,650.0,
Global Copier Resource Pte Ltd,11/23/2020,16046.0,11/4/2020,CANON,1.0,750.0,
Global Copier Resource Pte Ltd,11/23/2020,16046.0,11/4/2020,CANON,1.0,650.0,
Global Copier Resource Pte Ltd,11/23/2020,16046.0,11/4/2020,CANON,1.0,650.0,
Global Copier Resource Pte Ltd,11/23/2020,16046.0,11/4/2020,CANON,1.0,750.0,
Global Copier Resource Pte Ltd,11/23/2020,16046.0,11/4/2020,CANON,1.0,750.0,
Global Copier Resource Pte Ltd,11/23/2020,16046.0,11/4/2020,CANON,1.0,750.0,
Global Copier Resource Pte Ltd,11/23/2020,16046.0,11/4/2020,CANON,1.0,650.0,
Global Copier Resource Pte Ltd,11/23/2020,16046.0,11/4/2020,CANON,1.0,650.0,
Global Copier Resource Pte Ltd,11/23/2020,16046.0,11/4/2020,CANON,1.0,650.0,
Global Copier Resource Pte Ltd,11/23/2020,16046.0,11/4/2020,CANON,1.0,650.0,
Global Copier Resource Pte Ltd,11/23/2020,16046.0,11/4/2020,CANON,1.0,650.0,
Global Copier Resource Pte Ltd,11/23/2020,16046.0,LOADING,LOADING,1.0,1400.0,
Global Copier Resource Pte Ltd,12/30/2020,16104.0,11/24/2020,CANON,1.0,175.0,
Global Copier Resource Pte Ltd,12/30/2020,16104.0,11/24/2020,CANON,1.0,25.0,
Global Copier Resource Pte Ltd,12/30/2020,16104.0,11/24/2020,CANON,1.0,25.0,
Global Copier Resource Pte Ltd,12/30/2020,16104.0,11/24/2020,CANON,1.0,25.0,
Global Copier Resource Pte Ltd,12/30/2020,16104.0,11/24/2020,CANON,1.0,25.0,
Global Copier Resource Pte Ltd,12/30/2020,16104.0,11/24/2020,CANON,1.0,25.0,
Global Copier Resource Pte Ltd,12/30/2020,16104.0,11/24/2020,CANON,1.0,25.0,
Global Copier Resource Pte Ltd,12/30/2020,16104.0,11/24/2020,CANON,1.0,25.0,
Global Copier Resource Pte Ltd,12/30/2020,16104.0,11/24/2020,CANON,1.0,25.0,
Global Copier Resource Pte Ltd,12/30/2020,16104.0,11/24/2020,CANON,1.0,25.0,
Global Copier Resource Pte Ltd,12/30/2020,16104.0,11/24/2020,CANON,1.0,25.0,
Global Copier Resource Pte Ltd,12/30/2020,16104.0,11/24/2020,CANON,1.0,25.0,
Global Copier Resource Pte Ltd,12/30/2020,16104.0,11/24/2020,CANON,1.0,25.0,
Global Copier Resource Pte Ltd,12/30/2020,16104.0,11/24/2020,CANON,1.0,25.0,
Global Copier Resource Pte Ltd,12/30/2020,16104.0,11/24/2020,CANON,1.0,25.0,
Global Copier Resource Pte Ltd,12/30/2020,16104.0,11/24/2020,CANON,1.0,25.0,
Global Copier Resource Pte Ltd,12/30/2020,16104.0,11/24/2020,CANON,1.0,25.0,
Global Copier Resource Pte Ltd,12/30/2020,16104.0,11/24/2020,CANON,1.0,25.0,
Global Copier Resource Pte Ltd,12/30/2020,16104.0,11/24/2020,CANON,1.0,25.0,
Global Copier Resource Pte Ltd,12/30/2020,16104.0,11/24/2020,CANON,1.0,25.0,
Global Copier Resource Pte Ltd,12/30/2020,16104.0,11/24/2020,CANON,1.0,25.0,
Global Copier Resource Pte Ltd,12/30/2020,16104.0,11/24/2020,CANON,1.0,25.0,
Global Copier Resource Pte Ltd,12/30/2020,16104.0,LOADING,LOADING,1.0,1300.0,
Global Copier Resource Pte Ltd,4/20/2021,16301.0,4/12/2021,CANON,1.0,750.0,
Global Copier Resource Pte Ltd,4/20/2021,16301.0,4/12/2021,CANON,1.0,150.0,
Global Copier Resource Pte Ltd,4/20/2021,16301.0,4/12/2021,CANON,1.0,150.0,
Global Copier Resource Pte Ltd,4/20/2021,16301.0,4/12/2021,CANON,1.0,875.0,
Global Copier Resource Pte Ltd,4/20/2021,16301.0,4/12/2021,CANON,1.0,750.0,
Global Copier Resource Pte Ltd,4/20/2021,16301.0,4/12/2021,CANON,1.0,125.0,
Global Copier Resource Pte Ltd,4/20/2021,16301.0,4/12/2021,CANON,1.0,100.0,
Global Copier Resource Pte Ltd,4/20/2021,16301.0,LOADING,LOADING,1.0,1400.0,
Global Copier Resource Pte Ltd,4/20/2021,16301.0,FREIGHT TBD,FREIGHT,1.0,0.0,
Global Copier Resource Pte Ltd,4/20/2021,16301.0,FINISHER W/12308,XEROX,1.0,0.0,
Global Copier Resource Pte Ltd,4/20/2021,16301.0,FINISHER W/13258,CANON,1.0,0.0,
Global Copier Resource Pte Ltd,4/20/2021,16301.0,4/12/2021,CANON,1.0,875.0,
Global Copier Resource Pte Ltd,4/20/2021,16301.0,4/12/2021,CANON,1.0,500.0,
Global Copier Resource Pte Ltd,5/27/2021,16330.0,5/10/2021,CANON,1.0,850.0,
Global Copier Resource Pte Ltd,5/27/2021,16330.0,5/10/2021,CANON,1.0,850.0,
Global Copier Resource Pte Ltd,5/27/2021,16330.0,5/10/2021,CANON,1.0,850.0,
Global Copier Resource Pte Ltd,5/27/2021,16330.0,5/10/2021,CANON,1.0,850.0,
Global Copier Resource Pte Ltd,5/27/2021,16330.0,5/10/2021,XEROX,1.0,200.0,
Global Copier Resource Pte Ltd,5/27/2021,16330.0,5/10/2021,XEROX,1.0,200.0,
Global Copier Resource Pte Ltd,5/27/2021,16330.0,5/10/2021,XEROX,1.0,200.0,
Global Copier Resource Pte Ltd,5/27/2021,16330.0,5/10/2021,XEROX,1.0,200.0,
Global Copier Resource Pte Ltd,5/27/2021,16330.0,5/10/2021,XEROX,1.0,200.0,
Global Copier Resource Pte Ltd,5/27/2021,16330.0,5/10/2021,CANON,1.0,850.0,
Global Copier Resource Pte Ltd,5/27/2021,16330.0,5/10/2021,CANON,1.0,850.0,
Global Copier Resource Pte Ltd,5/27/2021,16330.0,5/10/2021,CANON,1.0,850.0,
Global Copier Resource Pte Ltd,5/27/2021,16330.0,5/10/2021,CANON,1.0,100.0,
Global Copier Resource Pte Ltd,5/27/2021,16330.0,5/10/2021,CANON,1.0,200.0,
Global Copier Resource Pte Ltd,5/27/2021,16330.0,5/10/2021,CANON,1.0,600.0,
Global Copier Resource Pte Ltd,5/27/2021,16330.0,5/10/2021,CANON,1.0,600.0,
Global Copier Resource Pte Ltd,5/27/2021,16330.0,5/10/2021,CANON,1.0,850.0,
Global Copier Resource Pte Ltd,5/27/2021,16330.0,5/10/2021,CANON,1.0,50.0,
Global Copier Resource Pte Ltd,5/27/2021,16330.0,5/10/2021,CANON,1.0,200.0,
Global Copier Resource Pte Ltd,5/27/2021,16330.0,5/10/2021,CANON,1.0,200.0,
Global Copier Resource Pte Ltd,5/27/2021,16330.0,5/10/2021,CANON,1.0,200.0,
Global Copier Resource Pte Ltd,5/27/2021,16330.0,5/10/2021,CANON,1.0,25.0,
Global Copier Resource Pte Ltd,5/27/2021,16330.0,5/10/2021,CANON,1.0,50.0,
Global Copier Resource Pte Ltd,5/27/2021,16330.0,5/10/2021,CANON,1.0,75.0,
Global Copier Resource Pte Ltd,5/27/2021,16330.0,5/10/2021,CANON,1.0,25.0,
Global Copier Resource Pte Ltd,5/27/2021,16330.0,5/10/2021,CANON,1.0,500.0,
Global Copier Resource Pte Ltd,5/27/2021,16330.0,5/10/2021,RISO,1.0,300.0,
Global Copier Resource Pte Ltd,5/27/2021,16330.0,5/10/2021,CANON,1.0,215.0,
Global Copier Resource Pte Ltd,5/27/2021,16330.0,5/10/2021,CANON,1.0,200.0,
Global Copier Resource Pte Ltd,5/27/2021,16330.0,5/10/2021,CANON,1.0,200.0,
Global Copier Resource Pte Ltd,5/27/2021,16330.0,5/10/2021,CANON,1.0,150.0,
Global Copier Resource Pte Ltd,5/27/2021,16330.0,5/10/2021,CANON,1.0,150.0,
Global Copier Resource Pte Ltd,5/27/2021,16330.0,5/10/2021,CANON,1.0,800.0,
Global Copier Resource Pte Ltd,5/27/2021,16330.0,LOADING,LOADING,1.0,1600.0,
Global Copier Resource Pte Ltd,5/27/2021,16330.0,PARTS,CANON,1.0,250.0,
Global Copier Resource Pte Ltd,6/22/2021,16375.0,6/9/2021,CANON,1.0,215.0,
Global Copier Resource Pte Ltd,6/22/2021,16375.0,6/9/2021,CANON,1.0,200.0,
Global Copier Resource Pte Ltd,6/22/2021,16375.0,6/9/2021,CANON,1.0,200.0,
Global Copier Resource Pte Ltd,7/30/2021,16403.0,6/22/2021,CANON,1.0,200.0,
Global Copier Resource Pte Ltd,7/30/2021,16403.0,6/22/2021,RISO,1.0,250.0,
Global Copier Resource Pte Ltd,7/30/2021,16403.0,6/22/2021,CANON,1.0,75.0,
Global Copier Resource Pte Ltd,7/30/2021,16403.0,6/22/2021,CANON,1.0,850.0,
Global Copier Resource Pte Ltd,7/30/2021,16403.0,6/22/2021,CANON,1.0,150.0,
Global Copier Resource Pte Ltd,7/30/2021,16403.0,6/22/2021,CANON,1.0,850.0,
Global Copier Resource Pte Ltd,7/30/2021,16403.0,6/22/2021,CANON,1.0,200.0,
Global Copier Resource Pte Ltd,7/30/2021,16403.0,6/22/2021,CANON,1.0,150.0,
Global Copier Resource Pte Ltd,7/30/2021,16403.0,6/22/2021,CANON,1.0,750.0,
Global Copier Resource Pte Ltd,7/30/2021,16403.0,6/22/2021,CANON,1.0,750.0,
Global Copier Resource Pte Ltd,7/30/2021,16403.0,6/22/2021,CANON,1.0,400.0,
Global Copier Resource Pte Ltd,7/30/2021,16403.0,6/22/2021,CANON,1.0,400.0,
Global Copier Resource Pte Ltd,7/30/2021,16403.0,S/N CPF421246,TOSHIBA,1.0,100.0,
Global Copier Resource Pte Ltd,7/30/2021,16403.0,S/N CUL623624,TOSHIBA,1.0,50.0,
Global Copier Resource Pte Ltd,7/30/2021,16403.0,S/N S21290876,TOSHIBA,1.0,75.0,
Global Copier Resource Pte Ltd,7/30/2021,16403.0,6/22/2021,CANON,1.0,75.0,
Global Copier Resource Pte Ltd,7/30/2021,16403.0,6/22/2021,CANON,1.0,75.0,
Global Copier Resource Pte Ltd,7/30/2021,16403.0,6/22/2021,CANON,1.0,75.0,
Global Copier Resource Pte Ltd,7/30/2021,16403.0,6/22/2021,CANON,1.0,150.0,
Global Copier Resource Pte Ltd,7/30/2021,16403.0,6/22/2021,CANON,1.0,200.0,
Global Copier Resource Pte Ltd,7/30/2021,16403.0,6/22/2021,CANON,1.0,200.0,
Global Copier Resource Pte Ltd,7/30/2021,16403.0,6/22/2021,CANON,1.0,200.0,
Global Copier Resource Pte Ltd,7/30/2021,16403.0,6/22/2021,CANON,1.0,100.0,
Global Copier Resource Pte Ltd,7/30/2021,16403.0,6/22/2021,CANON,1.0,200.0,
Global Copier Resource Pte Ltd,7/30/2021,16403.0,6/22/2021,CANON,1.0,75.0,
Global Copier Resource Pte Ltd,7/30/2021,16403.0,6/22/2021,CANON,1.0,50.0,
Global Copier Resource Pte Ltd,7/30/2021,16403.0,6/22/2021,CANON,1.0,200.0,
Global Copier Resource Pte Ltd,7/30/2021,16403.0,6/22/2021,CANON,1.0,200.0,
Global Copier Resource Pte Ltd,7/30/2021,16403.0,6/22/2021,CANON,1.0,50.0,
Global Copier Resource Pte Ltd,7/30/2021,16403.0,6/22/2021,CANON,1.0,200.0,
Global Copier Resource Pte Ltd,7/30/2021,16403.0,6/22/2021,CANON,1.0,200.0,
Global Copier Resource Pte Ltd,7/30/2021,16403.0,TAG 18006,CANON,1.0,215.0,
Global Copier Resource Pte Ltd,7/30/2021,16403.0,6/22/2021,CANON,1.0,150.0,
Global Copier Resource Pte Ltd,7/30/2021,16403.0,6/22/2021,RISO,1.0,300.0,
Global Copier Resource Pte Ltd,7/30/2021,16403.0,6/22/2021,CANON,1.0,850.0,
Global Copier Resource Pte Ltd,7/30/2021,16403.0,LOADING,LOADING,1.0,1600.0,
Global Copier Resource Pte Ltd,8/12/2021,16461.0,S/N G145R500541,SAVIN,1.0,275.0,
Global Copier Resource Pte Ltd,8/12/2021,16461.0,S/N G145R500232,SAVIN,1.0,275.0,
Global Copier Resource Pte Ltd,8/12/2021,16461.0,S/N G145RB00534,SAVIN,1.0,275.0,
Global Copier Resource Pte Ltd,8/12/2021,16461.0,S/N G144R900281,SAVIN,1.0,275.0,
Global Copier Resource Pte Ltd,8/12/2021,16461.0,S/N G146R300876,SAVIN,1.0,275.0,
Global Copier Resource Pte Ltd,8/12/2021,16461.0,S/N G165R630254,SAVIN,1.0,300.0,
Global Copier Resource Pte Ltd,8/12/2021,16461.0,S/N G165RB30270,SAVIN,1.0,300.0,
Global Copier Resource Pte Ltd,8/12/2021,16461.0,S/N G165RB30336,SAVIN,1.0,300.0,
Global Copier Resource Pte Ltd,8/12/2021,16461.0,S/N W864LC00003,SAVIN,1.0,1650.0,
Global Copier Resource Pte Ltd,8/12/2021,16461.0,8/2/2021,LOADING,1.0,1600.0,
Global Copier Resource Pte Ltd,8/12/2021,16461.0,8/2/2021,RICOH,1.0,340.0,
Global Copier Resource Pte Ltd,8/31/2021,16486.0,G145RA00938,SAVIN,1.0,275.0,
Global Copier Resource Pte Ltd,8/31/2021,16486.0,G165RB30303,SAVIN,1.0,300.0,
Global Copier Resource Pte Ltd,8/31/2021,16486.0,G164RC30135,SAVIN,1.0,300.0,
Global Copier Resource Pte Ltd,8/31/2021,16486.0,LOADING,LOADING,1.0,1600.0,
Global Copier Resource Pte Ltd,8/31/2021,16486.0,8/16/2021,RICOH,1.0,300.0,
Global Copier Resource Pte Ltd,8/31/2021,16486.0,#18320,RICOH,1.0,300.0,
Global Copier Resource Pte Ltd,8/31/2021,16486.0,8/16/2021,RICOH,1.0,1800.0,
Global Copier Resource Pte Ltd,8/31/2021,16486.0,8/16/2021,RICOH,1.0,300.0,
Global Copier Resource Pte Ltd,9/9/2021,16510.0,LOADING,LOADING,1.0,1600.0,
Global Copier Resource Pte Ltd,9/9/2021,16510.0,FIERY W/18290,KONICA MINOLTA,1.0,0.0,
Global Copier Resource Pte Ltd,11/4/2021,16556.0,#NAME?,LANIER,1.0,275.0,
Global Copier Resource Pte Ltd,11/4/2021,16556.0,S/N CHGH28907,TOSHIBA,1.0,350.0,
Global Copier Resource Pte Ltd,11/4/2021,16556.0,S/N CHHH29356,TOSHIBA,1.0,350.0,
Global Copier Resource Pte Ltd,11/4/2021,16556.0,10/4/2021,CANON,1.0,500.0,
Global Copier Resource Pte Ltd,11/4/2021,16556.0,S/N CHJF12483,TOSHIBA,1.0,350.0,
Global Copier Resource Pte Ltd,11/4/2021,16556.0,10/4/2021,RICOH,1.0,1100.0,
Global Copier Resource Pte Ltd,11/4/2021,16556.0,S/N CHGH28906,TOSHIBA,1.0,350.0,
Global Copier Resource Pte Ltd,11/4/2021,16556.0,S/N CHGH28911,TOSHIBA,1.0,350.0,
Global Copier Resource Pte Ltd,11/4/2021,16556.0,10/4/2021,CANON,1.0,75.0,
Global Copier Resource Pte Ltd,11/4/2021,16556.0,10/4/2021,CANON,1.0,500.0,
Global Copier Resource Pte Ltd,11/4/2021,16556.0,10/4/2021,CANON,1.0,125.0,
Global Copier Resource Pte Ltd,11/4/2021,16556.0,CIL623643,TOSHIBA,1.0,125.0,
Global Copier Resource Pte Ltd,11/4/2021,16556.0,10/4/2021,CANON,1.0,75.0,
Global Copier Resource Pte Ltd,11/4/2021,16556.0,10/4/2021,CANON,1.0,50.0,
Global Copier Resource Pte Ltd,11/4/2021,16556.0,10/4/2021,CANON,1.0,50.0,
Global Copier Resource Pte Ltd,11/4/2021,16556.0,10/4/2021,CANON,1.0,50.0,
Global Copier Resource Pte Ltd,11/4/2021,16556.0,10/4/2021,RICOH,1.0,700.0,
Global Copier Resource Pte Ltd,11/4/2021,16556.0,CIK850524,TOSHIBA,1.0,125.0,
Global Copier Resource Pte Ltd,11/4/2021,16556.0,10/4/2021,RICOH,1.0,1100.0,
Global Copier Resource Pte Ltd,11/4/2021,16556.0,LOADING,LOADING,1.0,1600.0,
Global Copier Resource Pte Ltd,11/4/2021,16556.0,S/N CEKE42362,TOSHIBA,1.0,100.0,
Global Copier Resource Pte Ltd,11/4/2021,16556.0,S/N N/A,TOSHIBA,1.0,50.0,
Global Copier Resource Pte Ltd,11/4/2021,16556.0,10/4/2021,CANON,1.0,50.0,
Global Copier Resource Pte Ltd,11/4/2021,16556.0,S/N CHJG22077,TOSHIBA,1.0,350.0,
Global Copier Resource Pte Ltd,1/31/2022,16745.0,1/11/2022,CANON,1.0,150.0,
Global Copier Resource Pte Ltd,1/31/2022,16745.0,1/11/2022,CANON,1.0,150.0,
Global Copier Resource Pte Ltd,1/31/2022,16745.0,1/11/2022,CANON,1.0,150.0,
Global Copier Resource Pte Ltd,1/31/2022,16745.0,1/11/2022,CANON,1.0,150.0,
Global Copier Resource Pte Ltd,1/31/2022,16745.0,1/11/2022,CANON,1.0,150.0,
Global Copier Resource Pte Ltd,1/31/2022,16745.0,1/11/2022,CANON,1.0,150.0,
Global Copier Resource Pte Ltd,1/31/2022,16745.0,1/11/2022,CANON,1.0,150.0,
Global Copier Resource Pte Ltd,1/31/2022,16745.0,1/11/2022,CANON,1.0,150.0,
Global Copier Resource Pte Ltd,1/31/2022,16745.0,1/11/2022,CANON,1.0,150.0,
Global Copier Resource Pte Ltd,1/31/2022,16745.0,1/11/2022,CANON,1.0,150.0,
Global Copier Resource Pte Ltd,1/31/2022,16745.0,1/11/2022,CANON,1.0,150.0,
Global Copier Resource Pte Ltd,1/31/2022,16745.0,1/11/2022,CANON,1.0,150.0,
Global Copier Resource Pte Ltd,1/31/2022,16745.0,1/11/2022,CANON,1.0,150.0,
Global Copier Resource Pte Ltd,1/31/2022,16745.0,1/11/2022,CANON,1.0,150.0,
Global Copier Resource Pte Ltd,1/31/2022,16745.0,1/11/2022,CANON,1.0,150.0,
Global Copier Resource Pte Ltd,1/31/2022,16745.0,1/11/2022,CANON,1.0,150.0,
Global Copier Resource Pte Ltd,1/31/2022,16745.0,1/11/2022,CANON,1.0,150.0,
Global Copier Resource Pte Ltd,1/31/2022,16745.0,1/11/2022,CANON,1.0,150.0,
Global Copier Resource Pte Ltd,1/31/2022,16745.0,1/11/2022,CANON,1.0,150.0,
Global Copier Resource Pte Ltd,1/31/2022,16745.0,1/11/2022,CANON,1.0,150.0,
Global Copier Resource Pte Ltd,1/31/2022,16745.0,1/11/2022,CANON,1.0,150.0,
Global Copier Resource Pte Ltd,1/31/2022,16745.0,1/11/2022,CANON,1.0,150.0,
Global Copier Resource Pte Ltd,1/31/2022,16745.0,1/11/2022,CANON,1.0,150.0,
Global Copier Resource Pte Ltd,1/31/2022,16745.0,1/11/2022,CANON,1.0,150.0,
Global Copier Resource Pte Ltd,1/31/2022,16745.0,1/11/2022,CANON,1.0,150.0,
Global Copier Resource Pte Ltd,1/31/2022,16745.0,1/11/2022,CANON,1.0,150.0,
Global Copier Resource Pte Ltd,1/31/2022,16745.0,1/11/2022,CANON,1.0,150.0,
Global Copier Resource Pte Ltd,1/31/2022,16745.0,1/11/2022,CANON,1.0,150.0,
Global Copier Resource Pte Ltd,1/31/2022,16745.0,1/11/2022,CANON,1.0,125.0,
Global Copier Resource Pte Ltd,1/31/2022,16745.0,1/11/2022,CANON,1.0,750.0,
Global Copier Resource Pte Ltd,1/31/2022,16745.0,1/11/2022,CANON,1.0,750.0,
Global Copier Resource Pte Ltd,1/31/2022,16745.0,1/11/2022,CANON,1.0,750.0,
Global Copier Resource Pte Ltd,1/31/2022,16745.0,1/11/2022,CANON,1.0,750.0,
Global Copier Resource Pte Ltd,1/31/2022,16745.0,LOADING,LOADING,1.0,1600.0,
Global Copier Resource Pte Ltd,1/31/2022,16745.0,1/11/2022,CANON,1.0,125.0,
Global Copier Resource Pte Ltd,1/31/2022,16745.0,1/11/2022,CANON,1.0,150.0,
Global Copier Resource Pte Ltd,1/31/2022,16745.0,1/11/2022,CANON,1.0,800.0,
Global Copier Resource Pte Ltd,1/31/2022,16745.0,1/11/2022,CANON,1.0,800.0,
Global Copier Resource Pte Ltd,1/31/2022,16745.0,1/11/2022,CANON,1.0,750.0,
Global Copier Resource Pte Ltd,3/17/2022,16818.0,3/1/2022,TOSHIBA  Inv,1.0,100.0,
Global Copier Resource Pte Ltd,3/17/2022,16818.0,3/1/2022,TOSHIBA  Inv,1.0,100.0,
Global Copier Resource Pte Ltd,3/17/2022,16818.0,3/1/2022,TOSHIBA  Inv,1.0,100.0,
Global Copier Resource Pte Ltd,3/17/2022,16818.0,3/1/2022,TOSHIBA  Inv,1.0,100.0,
Global Copier Resource Pte Ltd,3/17/2022,16818.0,3/1/2022,TOSHIBA  Inv,1.0,50.0,
Global Copier Resource Pte Ltd,3/17/2022,16818.0,LOADING,LOADING,1.0,1600.0,
Global Copier Resource Pte Ltd,3/17/2022,16818.0,LCT,KONICA MINOLTA,1.0,0.0,
Global Copier Resource Pte Ltd,3/17/2022,16818.0,"S23745 - W/S23746, S23747,S23748,S23749",KONICA MINOLTA,1.0,75.0,
Global Copier Resource Pte Ltd,3/17/2022,16818.0,3/1/2022,SHARP,1.0,460.0,
Global Copier Resource Pte Ltd,5/6/2022,16941.0,do not charge customer,CREDIT,1.0,-2650.0,
Global Copier Resource Pte Ltd,5/23/2022,16929.0,LOADING,LOADING,1.0,1600.0,
Global Copier Resource Pte Ltd,5/23/2022,16929.0,5/2/2022,CANON,1.0,50.0,
Global Copier Resource Pte Ltd,6/16/2022,16969.0,6/1/2022,CANON,1.0,50.0,
Global Copier Resource Pte Ltd,6/16/2022,16969.0,6/1/2022,CANON,1.0,175.0,
Global Copier Resource Pte Ltd,6/16/2022,16969.0,S/N 7010207,OCE,1.0,0.0,
Global Copier Resource Pte Ltd,6/16/2022,16969.0,6/1/2022,CANON,1.0,150.0,
Global Copier Resource Pte Ltd,6/16/2022,16969.0,TAG 24338,XEROX,1.0,250.0,
Global Copier Resource Pte Ltd,6/16/2022,16969.0,LOADING,LOADING,1.0,1600.0,
Global Copier Resource Pte Ltd,6/20/2022,16994.0,FINISHER W/25251,CANON,1.0,0.0,
Global Copier Resource Pte Ltd,6/20/2022,16994.0,DISPLAY ON TOP,CANON,1.0,950.0,
Global Copier Resource Pte Ltd,6/20/2022,16994.0,W/N1 FINISHER,CANON,1.0,1250.0,
Global Copier Resource Pte Ltd,6/20/2022,16994.0,FINISHER W/IR8295,CANON,1.0,0.0,
Global Copier Resource Pte Ltd,6/20/2022,16994.0,W/N1 FINISHER,CANON,1.0,1250.0,
Global Copier Resource Pte Ltd,6/20/2022,16994.0,FINISHER W/IR8295,CANON,1.0,0.0,
Global Copier Resource Pte Ltd,6/20/2022,16994.0,,SHARP,1.0,450.0,
Global Copier Resource Pte Ltd,6/20/2022,16994.0,,SHARP,1.0,450.0,
Global Copier Resource Pte Ltd,6/20/2022,16994.0,,SHARP,1.0,450.0,
Global Copier Resource Pte Ltd,6/20/2022,16994.0,,SHARP,1.0,450.0,
Global Copier Resource Pte Ltd,6/20/2022,16994.0,,SHARP,1.0,450.0,
Global Copier Resource Pte Ltd,6/20/2022,16994.0,,SHARP,1.0,450.0,
Global Copier Resource Pte Ltd,6/20/2022,16994.0,,RISO,1.0,325.0,
Global Copier Resource Pte Ltd,6/20/2022,16994.0,,SHARP,1.0,450.0,
Global Copier Resource Pte Ltd,6/20/2022,16994.0,,SHARP,1.0,450.0,
Global Copier Resource Pte Ltd,6/20/2022,16994.0,,SHARP,1.0,450.0,
Global Copier Resource Pte Ltd,6/20/2022,16994.0,,CANON,1.0,125.0,
Global Copier Resource Pte Ltd,6/20/2022,16994.0,,CANON,1.0,275.0,
Global Copier Resource Pte Ltd,6/20/2022,16994.0,,CANON,1.0,75.0,
Global Copier Resource Pte Ltd,6/20/2022,16994.0,,CANON,1.0,75.0,
Global Copier Resource Pte Ltd,6/20/2022,16994.0,,SHARP,1.0,450.0,
Global Copier Resource Pte Ltd,6/20/2022,16994.0,,SHARP,1.0,450.0,
Global Copier Resource Pte Ltd,6/20/2022,16994.0,,SHARP,1.0,450.0,
Global Copier Resource Pte Ltd,6/20/2022,16994.0,,SHARP,1.0,450.0,
Global Copier Resource Pte Ltd,6/20/2022,16994.0,,SHARP,1.0,450.0,
Global Copier Resource Pte Ltd,6/20/2022,16994.0,,SHARP,1.0,450.0,
Global Copier Resource Pte Ltd,6/20/2022,16994.0,,SHARP,1.0,450.0,
Global Copier Resource Pte Ltd,6/20/2022,16994.0,,SHARP,1.0,450.0,
Global Copier Resource Pte Ltd,6/20/2022,16994.0,,SHARP,1.0,450.0,
Global Copier Resource Pte Ltd,6/20/2022,16994.0,,SHARP,1.0,450.0,
Global Copier Resource Pte Ltd,6/20/2022,16994.0,,SHARP,1.0,450.0,
Global Copier Resource Pte Ltd,6/20/2022,16994.0,,SHARP,1.0,450.0,
Global Copier Resource Pte Ltd,6/20/2022,16994.0,,SHARP,1.0,450.0,
Global Copier Resource Pte Ltd,6/20/2022,16994.0,,SHARP,1.0,450.0,
Global Copier Resource Pte Ltd,6/20/2022,16994.0,,SHARP,1.0,450.0,
Global Copier Resource Pte Ltd,6/20/2022,16994.0,,SHARP,1.0,450.0,
Global Copier Resource Pte Ltd,6/20/2022,16994.0,,SHARP,1.0,450.0,
Global Copier Resource Pte Ltd,6/20/2022,16994.0,,SHARP,1.0,450.0,
Global Copier Resource Pte Ltd,6/20/2022,16994.0,,SHARP,1.0,450.0,
Global Copier Resource Pte Ltd,6/20/2022,16994.0,,SHARP,1.0,450.0,
Global Copier Resource Pte Ltd,6/20/2022,16994.0,LOADING,LOADING,1.0,1600.0,
Global Copier Resource Pte Ltd,7/25/2022,17025.0,LOADING,LOADING,1.0,1600.0,
Global Copier Resource Pte Ltd,7/25/2022,17025.0,7/20/2022,CANON,1.0,125.0,
Global Copier Resource Pte Ltd,7/25/2022,17025.0,7/20/2022,TOSHIBA  Inv,1.0,100.0,
Global Copier Resource Pte Ltd,7/25/2022,17025.0,7/20/2022,TOSHIBA  Inv,1.0,50.0,
Global Copier Resource Pte Ltd,7/25/2022,17025.0,7/20/2022,TOSHIBA  Inv,1.0,50.0,
Global Copier Resource Pte Ltd,7/25/2022,17025.0,7/20/2022,TOSHIBA  Inv,1.0,100.0,
Global Copier Resource Pte Ltd,7/25/2022,17025.0,FINISHER,SHARP,1.0,0.0,
Global Copier Resource Pte Ltd,7/25/2022,17025.0,FINISHER,SHARP,1.0,0.0,
Global Copier Resource Pte Ltd,7/25/2022,17025.0,FINISHER,SHARP,1.0,0.0,
Global Copier Resource Pte Ltd,7/25/2022,17025.0,FINISHER,SHARP,1.0,0.0,
Global Copier Resource Pte Ltd,7/25/2022,17025.0,FINISHER,SHARP,1.0,0.0,
Global Copier Resource Pte Ltd,7/25/2022,17025.0,FINISHER,SHARP,1.0,0.0,
Global Copier Resource Pte Ltd,7/25/2022,17025.0,FINISHER,SHARP,1.0,0.0,
Global Copier Resource Pte Ltd,7/25/2022,17025.0,FINISHER,SHARP,1.0,0.0,
Global Copier Resource Pte Ltd,7/25/2022,17025.0,FINISHER,SHARP,1.0,0.0,
Global Copier Resource Pte Ltd,7/25/2022,17025.0,FINISHER,SHARP,1.0,0.0,
Global Copier Resource Pte Ltd,8/9/2022,17047.0,82022,CANON,1.0,825.0,
Global Copier Resource Pte Ltd,8/9/2022,17047.0,82022,CANON,1.0,300.0,
Global Copier Resource Pte Ltd,8/9/2022,17047.0,82022,CANON,1.0,200.0,
Global Copier Resource Pte Ltd,8/9/2022,17047.0,82022,CANON,1.0,200.0,
Global Copier Resource Pte Ltd,8/9/2022,17047.0,82022,TOSHIBA  Inv,1.0,90.0,
Global Copier Resource Pte Ltd,8/9/2022,17047.0,82022,CANON,1.0,300.0,
Global Copier Resource Pte Ltd,8/9/2022,17047.0,82022,CANON,1.0,950.0,
Global Copier Resource Pte Ltd,8/9/2022,17047.0,82022,CANON,1.0,225.0,
Global Copier Resource Pte Ltd,8/9/2022,17047.0,82022,CANON,1.0,200.0,
Global Copier Resource Pte Ltd,8/9/2022,17047.0,82022,CANON,1.0,300.0,
Global Copier Resource Pte Ltd,8/9/2022,17047.0,82022,CANON,1.0,300.0,
Global Copier Resource Pte Ltd,8/9/2022,17047.0,82022,CANON,1.0,200.0,
Global Copier Resource Pte Ltd,8/9/2022,17047.0,82022,CANON,1.0,300.0,
Global Copier Resource Pte Ltd,8/9/2022,17047.0,82022,CANON,1.0,950.0,
Global Copier Resource Pte Ltd,8/9/2022,17047.0,82022,CANON,1.0,950.0,
Global Copier Resource Pte Ltd,8/9/2022,17047.0,82022,CANON,1.0,200.0,
Global Copier Resource Pte Ltd,8/9/2022,17047.0,82022,CANON,1.0,300.0,
Global Copier Resource Pte Ltd,8/9/2022,17047.0,82022,CANON,1.0,200.0,
Global Copier Resource Pte Ltd,8/9/2022,17047.0,82022,CANON,1.0,950.0,
Global Copier Resource Pte Ltd,8/9/2022,17047.0,82022,CANON,1.0,950.0,
Global Copier Resource Pte Ltd,8/9/2022,17047.0,82022,CANON,1.0,200.0,
Global Copier Resource Pte Ltd,8/9/2022,17047.0,82022,CANON,1.0,300.0,
Global Copier Resource Pte Ltd,8/9/2022,17047.0,82022,CANON,1.0,200.0,
Global Copier Resource Pte Ltd,8/9/2022,17047.0,82022,CANON,1.0,200.0,
Global Copier Resource Pte Ltd,8/9/2022,17047.0,82022,CANON,1.0,300.0,
Global Copier Resource Pte Ltd,8/9/2022,17047.0,LOADING,LOADING,1.0,1600.0,
Global Copier Resource Pte Ltd,9/27/2022,17116.0,9/9/2022,CANON,1.0,75.0,
Global Copier Resource Pte Ltd,9/27/2022,17116.0,9/9/2022,CANON,1.0,100.0,
Global Copier Resource Pte Ltd,9/27/2022,17116.0,9/9/2022,CANON,1.0,125.0,
Global Copier Resource Pte Ltd,9/27/2022,17116.0,9/9/2022,CANON,1.0,75.0,
Global Copier Resource Pte Ltd,9/27/2022,17116.0,9/9/2022,CANON,1.0,125.0,
Global Copier Resource Pte Ltd,9/27/2022,17116.0,9/9/2022,CANON,1.0,125.0,
Global Copier Resource Pte Ltd,9/27/2022,17116.0,9/9/2022,CANON,1.0,75.0,
Global Copier Resource Pte Ltd,9/27/2022,17116.0,9/9/2022,CANON,1.0,75.0,
Global Copier Resource Pte Ltd,9/27/2022,17116.0,9/9/2022,CANON,1.0,75.0,
Global Copier Resource Pte Ltd,9/27/2022,17116.0,9/9/2022,CANON,1.0,125.0,
Global Copier Resource Pte Ltd,9/27/2022,17116.0,9/9/2022,CANON,1.0,75.0,
Global Copier Resource Pte Ltd,9/27/2022,17116.0,9/9/2022,CANON,1.0,75.0,
Global Copier Resource Pte Ltd,9/27/2022,17116.0,9/9/2022,CANON,1.0,125.0,
Global Copier Resource Pte Ltd,9/27/2022,17116.0,9/9/2022,CANON,1.0,75.0,
Global Copier Resource Pte Ltd,9/27/2022,17116.0,9/9/2022,CANON,1.0,900.0,
Global Copier Resource Pte Ltd,9/27/2022,17116.0,9/9/2022,CANON,1.0,75.0,
Global Copier Resource Pte Ltd,9/27/2022,17116.0,9/9/2022,CANON,1.0,75.0,
Global Copier Resource Pte Ltd,9/27/2022,17116.0,9/9/2022,CANON,1.0,75.0,
Global Copier Resource Pte Ltd,9/27/2022,17116.0,9/9/2022,CANON,1.0,125.0,
Global Copier Resource Pte Ltd,9/27/2022,17116.0,9/9/2022,CANON,1.0,950.0,
Global Copier Resource Pte Ltd,9/27/2022,17116.0,9/9/2022,CANON,1.0,900.0,
Global Copier Resource Pte Ltd,9/27/2022,17116.0,9/9/2022,CANON,1.0,125.0,
Global Copier Resource Pte Ltd,9/27/2022,17116.0,LOADING,LOADING,1.0,1600.0,
Global Copier Resource Pte Ltd,11/23/2022,17190.0,11/3/2022,RISO,1.0,300.0,
Global Copier Resource Pte Ltd,11/23/2022,17190.0,11/3/2022,RISO,1.0,400.0,
Global Copier Resource Pte Ltd,11/23/2022,17190.0,B BLDG,CANON,1.0,75.0,
Global Copier Resource Pte Ltd,11/23/2022,17190.0,11/3/2022,XEROX,1.0,200.0,
Global Copier Resource Pte Ltd,11/23/2022,17190.0,11/3/2022,CANON,1.0,75.0,
Global Copier Resource Pte Ltd,11/23/2022,17190.0,11/3/2022,CANON,1.0,50.0,
Global Copier Resource Pte Ltd,11/23/2022,17190.0,11/3/2022,XEROX,1.0,200.0,
Global Copier Resource Pte Ltd,11/23/2022,17190.0,11/3/2022,XEROX,1.0,75.0,
Global Copier Resource Pte Ltd,11/23/2022,17190.0,LOADING,LOADING,1.0,1600.0,
Global Copier Resource Pte Ltd,2/6/2023,17277.0,1/20/2023,CANON,1.0,275.0,
Global Copier Resource Pte Ltd,2/6/2023,17277.0,1/20/2023,CANON,1.0,275.0,
Global Copier Resource Pte Ltd,2/6/2023,17277.0,1/20/2023,CANON,1.0,275.0,
Global Copier Resource Pte Ltd,2/6/2023,17277.0,1/20/2023,CANON,1.0,275.0,
Global Copier Resource Pte Ltd,2/6/2023,17277.0,1/20/2023,CANON,1.0,275.0,
Global Copier Resource Pte Ltd,2/6/2023,17277.0,1/20/2023,CANON,1.0,275.0,
Global Copier Resource Pte Ltd,2/6/2023,17277.0,1/20/2023,CANON,1.0,275.0,
Global Copier Resource Pte Ltd,2/6/2023,17277.0,1/20/2023,CANON,1.0,275.0,
Global Copier Resource Pte Ltd,2/6/2023,17277.0,1/20/2023,CANON,1.0,75.0,
Global Copier Resource Pte Ltd,2/6/2023,17277.0,1/20/2023,CANON,1.0,75.0,
Global Copier Resource Pte Ltd,2/6/2023,17277.0,1/20/2023,CANON,1.0,75.0,
Global Copier Resource Pte Ltd,2/6/2023,17277.0,1/20/2023,SHARP,1.0,75.0,
Global Copier Resource Pte Ltd,2/6/2023,17277.0,1/20/2023,SHARP,1.0,75.0,
Global Copier Resource Pte Ltd,2/6/2023,17277.0,1/20/2023,SHARP,1.0,75.0,
Global Copier Resource Pte Ltd,2/6/2023,17277.0,1/20/2023,RICOH,1.0,250.0,
Global Copier Resource Pte Ltd,2/6/2023,17277.0,1/20/2023,CANON,1.0,300.0,
Global Copier Resource Pte Ltd,2/6/2023,17277.0,1/20/2023,CANON,1.0,275.0,
Global Copier Resource Pte Ltd,2/6/2023,17277.0,1/20/2023,CANON,1.0,275.0,
Global Copier Resource Pte Ltd,2/6/2023,17277.0,1/20/2023,TOSHIBA  Inv,1.0,100.0,
Global Copier Resource Pte Ltd,2/6/2023,17277.0,FINISHER W/31525,SHARP,1.0,0.0,
Global Copier Resource Pte Ltd,2/6/2023,17277.0,1/20/2023,CANON,1.0,275.0,
Global Copier Resource Pte Ltd,2/6/2023,17277.0,1/20/2023,CANON,1.0,275.0,
Global Copier Resource Pte Ltd,2/6/2023,17277.0,1/20/2023,CANON,1.0,75.0,
Global Copier Resource Pte Ltd,2/6/2023,17277.0,1/20/2023,CANON,1.0,75.0,
Global Copier Resource Pte Ltd,2/6/2023,17277.0,1/20/2023,CANON,1.0,75.0,
Global Copier Resource Pte Ltd,2/6/2023,17277.0,LOADING,LOADING,1.0,1600.0,
Global Copier Resource Pte Ltd,3/29/2023,17327.0,3/15/2023,CANON,1.0,300.0,
Global Copier Resource Pte Ltd,3/29/2023,17327.0,LOADING,LOADING,1.0,1600.0,
Global Copier Resource Pte Ltd,3/30/2023,17364.0,FINISHER,XEROX,1.0,0.0,
Global Copier Resource Pte Ltd,3/30/2023,17364.0,3/22/2023,XEROX,1.0,100.0,
Global Copier Resource Pte Ltd,3/30/2023,17364.0,3/22/2023,TOSHIBA  Inv,1.0,150.0,
Global Copier Resource Pte Ltd,3/30/2023,17364.0,3/22/2023,TOSHIBA  Inv,1.0,150.0,
Global Copier Resource Pte Ltd,3/30/2023,17364.0,3/22/2023,TOSHIBA  Inv,1.0,125.0,
Global Copier Resource Pte Ltd,3/30/2023,17364.0,3/22/2023,SHARP,1.0,50.0,
Global Copier Resource Pte Ltd,3/30/2023,17364.0,3/22/2023,SHARP,1.0,85.0,
Global Copier Resource Pte Ltd,3/30/2023,17364.0,LOADING,LOADING,1.0,1600.0,
Global Copier Resource Pte Ltd,3/30/2023,17364.0,FINISHER,XEROX,1.0,0.0,
Global Copier Resource Pte Ltd,3/30/2023,17364.0,FINISHER,XEROX,1.0,0.0,
Global Copier Resource Pte Ltd,3/30/2023,17364.0,FINISHER,XEROX,1.0,0.0,
Global Copier Resource Pte Ltd,3/30/2023,17364.0,FINISHER,XEROX,1.0,0.0,
Global Copier Resource Pte Ltd,3/30/2023,17364.0,FINISHER,XEROX,1.0,0.0,
Global Copier Resource Pte Ltd,3/30/2023,17364.0,FINISHER,XEROX,1.0,0.0,
Global Copier Resource Pte Ltd,3/30/2023,17364.0,FINISHER,XEROX,1.0,0.0,
Global Copier Resource Pte Ltd,3/30/2023,17364.0,FINISHER,XEROX,1.0,0.0,
Global Copier Resource Pte Ltd,3/30/2023,17364.0,FINISHER,XEROX,1.0,0.0,
Global Copier Resource Pte Ltd,3/30/2023,17364.0,FINISHER,XEROX,1.0,0.0,
Global Copier Resource Pte Ltd,3/30/2023,17364.0,FINISHER,XEROX,1.0,0.0,
Global Copier Resource Pte Ltd,3/30/2023,17364.0,FINISHER,XEROX,1.0,0.0,
Global Copier Resource Pte Ltd,3/30/2023,17364.0,FINISHER,XEROX,1.0,0.0,
Global Copier Resource Pte Ltd,3/30/2023,17364.0,FINISHER,XEROX,1.0,0.0,
Global Copier Resource Pte Ltd,3/30/2023,17364.0,FINISHER,XEROX,1.0,0.0,
Global Copier Resource Pte Ltd,3/30/2023,17364.0,FINISHER,XEROX,1.0,0.0,
Global Copier Resource Pte Ltd,3/30/2023,17364.0,FINISHER,XEROX,1.0,0.0,
Global Copier Resource Pte Ltd,3/30/2023,17364.0,FINISHER,XEROX,1.0,0.0,
Global Copier Resource Pte Ltd,3/30/2023,17364.0,FINISHER,XEROX,1.0,0.0,
Global Copier Resource Pte Ltd,3/30/2023,17364.0,FINISHER,XEROX,1.0,0.0,
Global Copier Resource Pte Ltd,6/19/2023,17495.0,LOADING,LOADING,0.0,1600.0,
Global Copier Resource Pte Ltd,7/20/2023,17538.0,VOID:,RICOH,0.0,0.0,
Global Copier Resource Pte Ltd,7/20/2023,17538.0,VOID:,RICOH,0.0,0.0,
Global Copier Resource Pte Ltd,7/20/2023,17538.0,VOID:,RICOH,0.0,0.0,
Global Copier Resource Pte Ltd,7/20/2023,17538.0,VOID:,RICOH,0.0,0.0,
Global Copier Resource Pte Ltd,7/20/2023,17538.0,VOID:,TOSHIBA  Inv,0.0,0.0,
Global Copier Resource Pte Ltd,7/20/2023,17538.0,VOID:,TOSHIBA  Inv,0.0,0.0,
Global Copier Resource Pte Ltd,7/20/2023,17538.0,VOID:,TOSHIBA  Inv,0.0,0.0,
Global Copier Resource Pte Ltd,7/20/2023,17538.0,VOID:,TOSHIBA  Inv,0.0,0.0,
Global Copier Resource Pte Ltd,7/20/2023,17538.0,VOID:,TOSHIBA  Inv,0.0,0.0,
Global Copier Resource Pte Ltd,7/20/2023,17538.0,VOID:,TOSHIBA  Inv,0.0,0.0,
Global Copier Resource Pte Ltd,7/20/2023,17538.0,VOID:,TOSHIBA  Inv,0.0,0.0,
Global Copier Resource Pte Ltd,7/20/2023,17538.0,VOID:,TOSHIBA  Inv,0.0,0.0,
Global Copier Resource Pte Ltd,7/20/2023,17538.0,VOID:,TOSHIBA  Inv,0.0,0.0,
Global Copier Resource Pte Ltd,7/20/2023,17538.0,COLOR,TOSHIBA  Inv,0.0,0.0,
Global Copier Resource Pte Ltd,7/20/2023,17538.0,COLOR,TOSHIBA  Inv,0.0,0.0,
Global Copier Resource Pte Ltd,7/20/2023,17538.0,LOADING,LOADING,0.0,1600.0,
Global Copier Resource Pte Ltd,10/17/2023,17666.0,,CANON,1.0,100.0,
Global Copier Resource Pte Ltd,10/17/2023,17666.0,,CANON,1.0,25.0,
Global Copier Resource Pte Ltd,10/17/2023,17666.0,,CANON,1.0,25.0,
Global Copier Resource Pte Ltd,10/17/2023,17666.0,,CANON,1.0,25.0,
Global Copier Resource Pte Ltd,10/17/2023,17666.0,,CANON,1.0,25.0,
Global Copier Resource Pte Ltd,10/17/2023,17666.0,,CANON,1.0,25.0,
Global Copier Resource Pte Ltd,10/17/2023,17666.0,,CANON,1.0,25.0,
Global Copier Resource Pte Ltd,10/17/2023,17666.0,,CANON,1.0,25.0,
Global Copier Resource Pte Ltd,10/17/2023,17666.0,,CANON,1.0,25.0,
Global Copier Resource Pte Ltd,10/17/2023,17666.0,,CANON,1.0,25.0,
Global Copier Resource Pte Ltd,10/17/2023,17666.0,,CANON,1.0,20.0,
Global Copier Resource Pte Ltd,10/17/2023,17666.0,,CANON,1.0,25.0,
Global Copier Resource Pte Ltd,10/17/2023,17666.0,,CANON,1.0,25.0,
Global Copier Resource Pte Ltd,10/17/2023,17666.0,,CANON,1.0,75.0,
Global Copier Resource Pte Ltd,10/17/2023,17666.0,,CANON,1.0,75.0,
Global Copier Resource Pte Ltd,10/17/2023,17666.0,,CANON,1.0,75.0,
Global Copier Resource Pte Ltd,10/17/2023,17666.0,,CANON,1.0,75.0,
Global Copier Resource Pte Ltd,10/17/2023,17666.0,,CANON,1.0,75.0,
Global Copier Resource Pte Ltd,10/17/2023,17666.0,,CANON,1.0,650.0,
Global Copier Resource Pte Ltd,10/17/2023,17666.0,,CANON,1.0,150.0,
Global Copier Resource Pte Ltd,10/17/2023,17666.0,LOADING,LOADING,1.0,1500.0,
Global Copier Resource Pte Ltd,6/10/2024,17887.0,FREIGHT IS PREPAID BY TBC,FREIGHT,0.0,0.0,
Global Copier Resource Pte Ltd,6/11/2024,17895.0,FREIGHT IS PREPAID BY TBC,FREIGHT,1.0,0.0,
Global Copier Resource Pte Ltd,6/11/2024,17895.0,ADF DUP PRINT SCAN,RICOH,1.0,175.0,
Global Copier Resource Pte Ltd,6/11/2024,17895.0,6/6/2024,RISO,1.0,300.0,
Global Copier Resource Pte Ltd,6/11/2024,17895.0,6/6/2024,RISO,1.0,300.0,
Global Copier Resource Pte Ltd,6/11/2024,17895.0,6/6/2024,RISO,1.0,300.0,
Global Copiers,9/10/2020,15924.0,OPEN BALANCE OF INV MOVED FROM OLD QB,PACKAGE,1.0,1015.0,
Global Copiers,12/30/2020,16115.0,"PR, SC, DF, USB, DUP, 2INT, BU",RICOH,1.0,800.0,
Global Copiers,12/30/2020,16115.0,"PR, SC, USB, 2INT, ADF",RICOH,1.0,800.0,
Global Copiers,12/30/2020,16115.0,"PR, SC, USB, 2INT, ADF",RICOH,1.0,800.0,
Global Copiers,12/30/2020,16115.0,LOADING,LOADING,1.0,1200.0,
Global Copiers,12/30/2020,16115.0,W/901,RICOH,1.0,0.0,
Global Copiers,12/30/2020,16115.0,W/901,RICOH,1.0,0.0,
Global Copiers,12/30/2020,16115.0,W/901,RICOH,1.0,0.0,
Global Copiers,12/30/2020,16115.0,FIERY W/901,RICOH,1.0,0.0,
Global Copiers,12/30/2020,16115.0,FIERY W/901,RICOH,1.0,0.0,
Global Copiers,12/30/2020,16115.0,FIERY W/901,RICOH,1.0,0.0,
Global Copiers,12/30/2020,16115.0,LCT W/901,RICOH,1.0,0.0,
Global Copiers,12/30/2020,16115.0,LCT W/901,RICOH,1.0,0.0,
Global Copiers,12/30/2020,16115.0,LCT W/901,RICOH,1.0,0.0,
Global Copiers,12/30/2020,16115.0,LCT W/901,RICOH,1.0,0.0,
Global Copiers,1/18/2021,16194.0,,CANON,1.0,175.0,
Global Copiers,1/18/2021,16194.0,,CANON,1.0,125.0,
Global Copiers,1/18/2021,16194.0,,CANON,1.0,75.0,
Global Copiers,1/18/2021,16194.0,,CANON,1.0,125.0,
Global Copiers,1/18/2021,16194.0,,CANON,1.0,150.0,
Global Copiers,1/18/2021,16194.0,,CANON,1.0,100.0,
Global Copiers,1/18/2021,16194.0,,CANON,1.0,125.0,
Global Copiers,1/18/2021,16194.0,,CANON,1.0,125.0,
Global Copiers,1/18/2021,16194.0,,CANON,1.0,75.0,
Global Copiers,1/18/2021,16194.0,,CANON,1.0,125.0,
Global Copiers,1/18/2021,16194.0,,CANON,1.0,75.0,
Global Copiers,1/18/2021,16194.0,,CANON,1.0,175.0,
Global Copiers,1/18/2021,16194.0,,CANON,1.0,75.0,
Global Copiers,1/18/2021,16194.0,,CANON,1.0,75.0,
Global Copiers,1/18/2021,16194.0,,CANON,1.0,150.0,
Global Copiers,1/18/2021,16194.0,,CANON,1.0,800.0,
Global Copiers,1/18/2021,16194.0,,CANON,1.0,700.0,
Global Copiers,1/18/2021,16194.0,,CANON,1.0,125.0,
Global Copiers,1/18/2021,16194.0,,CANON,1.0,900.0,
Global Copiers,1/18/2021,16194.0,,CANON,1.0,800.0,
Global Copiers,1/18/2021,16194.0,,CANON,1.0,900.0,
Global Copiers,1/18/2021,16194.0,,CANON,1.0,125.0,
Global Copiers,1/18/2021,16194.0,,CANON,1.0,700.0,
Global Copiers,1/18/2021,16194.0,,CANON,1.0,175.0,
Global Copiers,1/18/2021,16194.0,,CANON,1.0,700.0,
Global Copiers,1/18/2021,16194.0,,CANON,1.0,600.0,
Global Copiers,1/18/2021,16194.0,,CANON,1.0,75.0,
Global Copiers,1/18/2021,16194.0,,CANON,1.0,75.0,
Global Copiers,1/18/2021,16194.0,,CANON,1.0,75.0,
Global Copiers,1/18/2021,16194.0,,CANON,1.0,800.0,
Global Copiers,1/18/2021,16194.0,,CANON,1.0,900.0,
Global Copiers,3/4/2021,16212.0,2/23/2021,CANON,1.0,125.0,
Global Copiers,3/4/2021,16212.0,2/23/2021,CANON,1.0,150.0,
Global Copiers,3/4/2021,16212.0,2/23/2021,CANON,1.0,600.0,
Global Copiers,6/22/2021,16369.0,13672 MISSING SIDE TRAY,CANON,1.0,75.0,
Global Copiers,6/22/2021,16369.0,6/4/2021,XEROX,1.0,40.0,
Global Copiers,7/8/2021,16414.0,FINISHER W/16376,CANON,1.0,0.0,
Global Copiers,7/18/2021,16433.0,,CANON,1.0,700.0,
Global Copiers,7/18/2021,16433.0,,CANON,1.0,850.0,
Global Copiers,7/18/2021,16433.0,,CANON,1.0,1100.0,
Global Copiers,7/18/2021,16433.0,FINISHER,CANON,1.0,0.0,
Global Copiers,7/18/2021,16433.0,FINISHER,CANON,1.0,0.0,
Global Copiers,7/18/2021,16433.0,FINISHER,CANON,1.0,0.0,
Global Copiers,7/27/2021,16456.0,FINISHER,CANON,1.0,0.0,
Global Copiers,7/27/2021,16456.0,FINISHER,CANON,1.0,0.0,
Global Copiers,7/29/2021,16442.0,,RICOH,1.0,325.0,
Global Copiers,7/29/2021,16442.0,LOADING,LOADING,1.0,1600.0,
Global Copiers,7/29/2021,16442.0,,RICOH,1.0,1650.0,
Global Copiers,7/29/2021,16442.0,0,LANIER,1.0,1100.0,
Global Copiers,7/29/2021,16442.0,,RICOH,1.0,850.0,
Global Copiers,7/29/2021,16442.0,,RICOH,1.0,1650.0,
Global Copiers,10/12/2021,16578.0,,CANON,3.0,200.0,
Global Copiers,10/12/2021,16578.0,,CANON,1.0,800.0,
Global Copiers,10/12/2021,16578.0,,CANON,1.0,750.0,
Global Copiers,10/12/2021,16578.0,,RICOH,1.0,325.0,
Global Copiers,10/12/2021,16578.0,NEED TAG#,TOSHIBA  Inv,1.0,400.0,
Global Copiers,11/1/2021,16611.0,,TOSHIBA,5.0,500.0,
Global Copiers,11/16/2021,16632.0,11/3/2021,CANON,1.0,250.0,
Global Copiers,11/16/2021,16632.0,11/3/2021,CANON,1.0,250.0,
Global Copiers,11/16/2021,16632.0,11/3/2021,CANON,1.0,250.0,
Global Copiers,11/16/2021,16632.0,11/3/2021,CANON,1.0,850.0,
Global Copiers,11/16/2021,16632.0,11/3/2021,CANON,1.0,850.0,
Global Copiers,11/16/2021,16632.0,11/3/2021,CANON,1.0,850.0,
Global Copiers,11/16/2021,16632.0,11/3/2021,CANON,1.0,850.0,
Global Copiers,11/16/2021,16632.0,N1 FINISHER,CANON,1.0,1175.0,
Global Copiers,11/16/2021,16632.0,11/3/2021,CANON,1.0,250.0,
Global Copiers,11/16/2021,16632.0,11/3/2021,CANON,1.0,150.0,
Global Copiers,11/16/2021,16632.0,11/3/2021,CANON,1.0,125.0,
Global Copiers,11/16/2021,16632.0,11/3/2021,CANON,1.0,500.0,
Global Copiers,11/16/2021,16632.0,11/3/2021,CANON,1.0,175.0,
Global Copiers,11/16/2021,16632.0,11/3/2021,CANON,1.0,750.0,
Global Copiers,11/16/2021,16632.0,11/3/2021,CANON,1.0,500.0,
Global Copiers,11/16/2021,16632.0,11/3/2021,CANON,1.0,500.0,
Global Copiers,11/16/2021,16632.0,11/3/2021,CANON,1.0,850.0,
Global Copiers,12/15/2021,16672.0,12/2/2021,CANON,1.0,850.0,
Global Copiers,12/15/2021,16672.0,12/2/2021,CANON,1.0,850.0,
Global Copiers,12/15/2021,16672.0,12/2/2021,CANON,1.0,175.0,
Global Copiers,12/15/2021,16672.0,12/2/2021,CANON,1.0,250.0,
Global Copiers,12/15/2021,16672.0,12/2/2021,CANON,1.0,250.0,
Global Copiers,12/15/2021,16672.0,12/2/2021,CANON,1.0,250.0,
Global Copiers,12/15/2021,16672.0,12/2/2021,CANON,1.0,250.0,
Global Copiers,12/15/2021,16672.0,12/2/2021,CANON,1.0,250.0,
Global Copiers,12/15/2021,16672.0,12/2/2021,CANON,1.0,125.0,
Global Copiers,1/6/2022,16739.0,FINISHER W/21517,CANON,1.0,0.0,
Global Copiers,1/6/2022,16739.0,FINISHER W/21645,CANON,1.0,0.0,
Global Copiers,1/6/2022,16739.0,FINISHER W/20145,CANON,1.0,0.0,
Global Copiers,2/16/2022,16821.0,LOADING,LOADING,1.0,1600.0,
Global Copiers,2/16/2022,16821.0,,RICOH,1.0,125.0,
Global Copiers,2/16/2022,16821.0,,RICOH,1.0,125.0,
Global Copiers,2/28/2022,16836.0,2/25/2022,RICOH,1.0,1950.0,
Global Copiers,2/28/2022,16836.0,LOADING W/IPPC WOOD,LOADING,1.0,1600.0,
Global Copiers,4/12/2022,16888.0,3/30/2022,CANON,1.0,225.0,
Global Copiers,4/12/2022,16888.0,3/30/2022,CANON,1.0,275.0,
Global Copiers,4/12/2022,16888.0,3/30/2022,CANON,1.0,925.0,
Global Copiers,4/12/2022,16888.0,3/30/2022,CANON,1.0,925.0,
Global Copiers,4/12/2022,16888.0,3/30/2022,CANON,1.0,165.0,
Global Copiers,4/12/2022,16888.0,3/30/2022,CANON,1.0,50.0,
Global Copiers,4/12/2022,16888.0,3/30/2022,CANON,1.0,425.0,
Global Copiers,4/12/2022,16888.0,3/30/2022,CANON,1.0,425.0,
Global Copiers,4/12/2022,16888.0,3/30/2022,CANON,1.0,275.0,
Global Copiers,4/12/2022,16888.0,3/30/2022,CANON,1.0,275.0,
Global Copiers,4/12/2022,16888.0,3/30/2022,CANON,1.0,275.0,
Global Copiers,4/12/2022,16888.0,3/30/2022,CANON,1.0,275.0,
Global Copiers,4/12/2022,16888.0,3/30/2022,CANON,1.0,925.0,
Global Copiers,4/12/2022,16888.0,3/30/2022,CANON,1.0,925.0,
Global Copiers,4/12/2022,16888.0,3/30/2022,CANON,1.0,925.0,
Global Copiers,4/12/2022,16888.0,3/30/2022,CANON,1.0,165.0,
Global Copiers,5/24/2022,16965.0,,CANON,29.0,130.0,
Global Copiers,5/24/2022,16965.0,,CANON,6.0,175.0,
Global Copiers,5/24/2022,16965.0,,CANON,2.0,900.0,
Global Copiers,6/23/2022,16999.0,440 PER CONTAINER @ $25,PACKAGE  Inv,1.0,11000.0,
Global Copiers,6/23/2022,16999.0,LOADING,LOADING,1.0,2200.0,
Global Copiers,6/23/2022,16998.0,LOADING,LOADING,1.0,2200.0,
Global Copiers,6/23/2022,16998.0,,XEROX,423.0,25.0,
Global Copiers,6/23/2022,16999.0,LABOR EXPENSE (ADONIS),CREDIT,1.0,-700.0,
Global Copiers,7/5/2022,17007.0,VOID:,XEROX,0.0,125.0,
Global Copiers,7/5/2022,17007.0,VOID:,XEROX,0.0,125.0,
Global Copiers,7/5/2022,17007.0,VOID:,XEROX,0.0,25.0,
Global Copiers,7/5/2022,17007.0,VOID:,XEROX,0.0,150.0,
Global Copiers,7/5/2022,17007.0,VOID:,XEROX,0.0,100.0,
Global Copiers,7/5/2022,17007.0,VOID:,XEROX,0.0,125.0,
Global Copiers,7/5/2022,17007.0,VOID:,XEROX,0.0,150.0,
Global Copiers,7/5/2022,17007.0,VOID:,XEROX,0.0,150.0,
Global Copiers,7/5/2022,17007.0,VOID:,XEROX,0.0,25.0,
Global Copiers,7/5/2022,17007.0,VOID:,XEROX,0.0,75.0,
Global Copiers,7/5/2022,17007.0,VOID:,XEROX,0.0,125.0,
Global Copiers,7/5/2022,17007.0,VOID:,XEROX,0.0,100.0,
Global Copiers,7/5/2022,17007.0,VOID:,XEROX,0.0,15.0,
Global Copiers,7/5/2022,17007.0,VOID:,XEROX,0.0,75.0,
Global Copiers,7/5/2022,17007.0,VOID:,XEROX,0.0,1000.0,
Global Copiers,7/5/2022,17007.0,VOID:,XEROX,0.0,1000.0,
Global Copiers,7/5/2022,17007.0,VOID:,XEROX,0.0,200.0,
Global Copiers,7/5/2022,17007.0,VOID:,XEROX,0.0,100.0,
Global Copiers,7/5/2022,17007.0,VOID:,XEROX,0.0,200.0,
Global Copiers,7/21/2022,17035.0,,CANON,28.0,140.0,
Global Copiers,7/21/2022,17035.0,,CANON,3.0,165.0,
Global Copiers,7/21/2022,17035.0,,CANON,1.0,165.0,
Global Copiers,8/18/2022,17073.0,,CANON,1.0,850.0,
Global Copiers,8/18/2022,17073.0,,CANON,1.0,950.0,
Global Copiers,8/18/2022,17073.0,,CANON,1.0,300.0,
Global Copiers,8/18/2022,17073.0,,CANON,1.0,300.0,
Global Copiers,8/18/2022,17073.0,,CANON,1.0,300.0,
Global Copiers,8/18/2022,17073.0,,CANON,1.0,850.0,
Global Copiers,8/18/2022,17073.0,,CANON,1.0,200.0,
Global Copiers,8/18/2022,17073.0,,CANON,1.0,850.0,
Global Copiers,9/1/2022,17000.0,440 PER CONTAINER @ $25,PACKAGE  Inv,0.0,11000.0,
Global Copiers,9/1/2022,17001.0,440 PER CONTAINER @ $25,PACKAGE  Inv,0.0,11000.0,
Global Copiers,9/1/2022,17001.0,LOADING,LOADING,0.0,2200.0,
Global Copiers,9/1/2022,17000.0,LOADING,LOADING,0.0,2200.0,
Global Copiers,9/30/2022,17142.0,LOADING,LOADING,1.0,1600.0,
Global Copiers,9/30/2022,17142.0,9/29/2022,RICOH,1.0,500.0,
Global Copiers,9/30/2022,17142.0,9/29/2022,RICOH,1.0,500.0,
Global Copiers,9/30/2022,17142.0,9/29/2022,RICOH,1.0,1100.0,
Global Copiers,9/30/2022,17142.0,9/29/2022,RICOH,1.0,300.0,
Global Copiers,10/19/2022,17158.0,10/10/2022,XEROX,1.0,125.0,
Global Copiers,10/19/2022,17158.0,27987,SHARP,1.0,235.0,
Global Copiers,10/19/2022,17158.0,10/10/2022,SAVIN  Inv,1.0,250.0,
Global Copiers,10/19/2022,17158.0,10/10/2022,SAVIN  Inv,1.0,300.0,
Global Copiers,10/19/2022,17158.0,10/10/2022,TOSHIBA  Inv,1.0,100.0,
Global Copiers,10/19/2022,17158.0,10/10/2022,TOSHIBA  Inv,1.0,100.0,
Global Copiers,10/19/2022,17158.0,10/10/2022,TOSHIBA  Inv,1.0,100.0,
Global Copiers,10/19/2022,17158.0,10/10/2022,TOSHIBA  Inv,1.0,100.0,
Global Copiers,10/19/2022,17158.0,10/10/2022,RICOH,1.0,350.0,
Global Copiers,10/19/2022,17158.0,10/10/2022,RICOH,1.0,350.0,
Global Copiers,10/19/2022,17158.0,10/10/2022,RICOH,1.0,350.0,
Global Copiers,10/19/2022,17158.0,10/10/2022,RICOH,1.0,250.0,
Global Copiers,10/19/2022,17158.0,10/10/2022,RICOH,1.0,350.0,
Global Copiers,10/19/2022,17158.0,10/10/2022,RICOH,1.0,100.0,
Global Copiers,10/19/2022,17158.0,LOADING,LOADING,1.0,1600.0,
Global Copiers,11/1/2022,17181.0,VOID: 11/2/2022,RISO,0.0,0.0,
Global Copiers,11/1/2022,17181.0,VOID: 11/2/2022,RISO,0.0,0.0,
Global Copiers,11/22/2022,17182.0,LOADING,LOADING,1.0,1600.0,
Global Copiers,11/22/2022,17182.0,11/8/2022,RICOH,1.0,300.0,
Global Copiers,11/22/2022,17182.0,11/8/2022,RICOH,1.0,1600.0,
Global Copiers,12/7/2022,17220.0,LOADING,LOADING,0.0,1600.0,
Global Copiers,12/12/2022,17226.0,LOADING,LOADING,1.0,1600.0,
Global Copiers,12/12/2022,17226.0,,RICOH,1.0,375.0,
Global Copiers,12/12/2022,17226.0,,RICOH,1.0,400.0,
Global Copiers,12/12/2022,17226.0,,RICOH,1.0,400.0,
Global Copiers,12/12/2022,17226.0,,RICOH,1.0,250.0,
Global Copiers,12/12/2022,17226.0,,RICOH,1.0,1475.0,
Global Copiers,2/17/2023,17311.0,2/16/2023,CANON,1.0,900.0,
Global Copiers,2/17/2023,17311.0,2/16/2023,CANON,1.0,30.0,
Global Copiers,2/17/2023,17311.0,2/16/2023,CANON,1.0,30.0,
Global Copiers,2/17/2023,17311.0,FINISHER,CANON,1.0,0.0,
Global Copiers,5/16/2023,17442.0,,FREIGHT,1.0,300.0,
Global Copiers,5/16/2023,17442.0,,CANON,1.0,750.0,
Global Copiers,5/16/2023,17442.0,,CANON,1.0,750.0,
Global Copiers,5/16/2023,17442.0,,CANON,1.0,200.0,
Global Copiers,7/27/2023,17549.0,Jul-14,CANON,1.0,800.0,
Global Copiers,7/27/2023,17549.0,,CANON,1.0,175.0,
Global Copiers,8/23/2023,17588.0,LOADING,LOADING,1.0,1600.0,
Global Copiers,8/29/2023,17600.0,TAG ID # 29637,CANON,1.0,225.0,
Global Copiers,8/31/2023,17590.0,8/17/2023,LOADING,1.0,1600.0,
Global Copiers,8/31/2023,17590.0,TAG 35569,RICOH,1.0,325.0,
Global Copiers,8/31/2023,17590.0,CONTROLLER W/36787,CANON,1.0,0.0,
Global Copiers,8/31/2023,17590.0,TAG 36054,RICOH,1.0,325.0,
Global Copiers,8/31/2023,17590.0,8/17/2023,LANIER,1.0,250.0,
Global Copiers,8/31/2023,17590.0,8/17/2023,LANIER,1.0,250.0,
Global Copiers,9/15/2023,17627.0,VOID:,RICOH,0.0,1050.0,
Global Copiers,9/15/2023,17627.0,VOID:,RICOH,0.0,1000.0,
Global Copiers,9/15/2023,17627.0,VOID:,RICOH,0.0,1050.0,
Global Copiers,9/15/2023,17627.0,VOID:,RICOH,0.0,1000.0,
Global Copiers,9/15/2023,17627.0,VOID:,RICOH,0.0,1000.0,
Global Copiers,9/15/2023,17627.0,VOID:,RICOH,0.0,1050.0,
Global Copiers,9/15/2023,17627.0,VOID:,LANIER,0.0,650.0,
Global Copiers,10/13/2023,17660.0,LOADING,LOADING,1.0,1600.0,
Global Copiers,10/13/2023,17660.0,10/11/2023,RICOH,1.0,1250.0,
Global Copiers,10/13/2023,17660.0,TAG 36848,RICOH,1.0,1100.0,
Global Copiers,10/13/2023,17660.0,10/11/2023,RICOH,1.0,160.0,
Global Copiers,10/13/2023,17660.0,NOT TBC,RICOH,1.0,0.0,
Global Copiers,10/31/2023,17671.0,10/19/2023,SAVIN  Inv,1.0,250.0,
Global Copiers,10/31/2023,17671.0,10/19/2023,RICOH,1.0,1050.0,
Global Copiers,10/31/2023,17671.0,10/19/2023,RICOH,1.0,400.0,
Global Copiers,10/31/2023,17671.0,10/19/2023,RICOH,1.0,400.0,
Global Copiers,10/31/2023,17671.0,10/19/2023,RICOH,1.0,250.0,
Global Copiers,10/31/2023,17671.0,10/19/2023,SAVIN  Inv,1.0,1200.0,
Global Copiers,10/31/2023,17671.0,10/19/2023,SAVIN  Inv,1.0,1200.0,
Global Copiers,10/31/2023,17671.0,10/19/2023,SAVIN  Inv,1.0,150.0,
Global Copiers,10/31/2023,17671.0,10/19/2023,SAVIN  Inv,1.0,250.0,
Global Copiers,10/31/2023,17671.0,10/19/2023,SAVIN  Inv,1.0,250.0,
Global Copiers,10/31/2023,17671.0,10/19/2023,SAVIN  Inv,1.0,150.0,
Global Copiers,10/31/2023,17671.0,10/19/2023,SAVIN  Inv,1.0,250.0,
Global Copiers,10/31/2023,17671.0,10/19/2023,SAVIN  Inv,1.0,250.0,
Global Copiers,10/31/2023,17671.0,10/19/2023,SAVIN  Inv,1.0,1200.0,
Global Copiers,10/31/2023,17671.0,10/19/2023,SAVIN  Inv,1.0,1050.0,
Global Copiers,10/31/2023,17671.0,LOADING,LOADING,1.0,1600.0,
Global Copiers,10/31/2023,17671.0,FREIGHT (TBD),FREIGHT,1.0,0.0,
Global Copiers,10/31/2023,17671.0,10/19/2023,RICOH,1.0,1000.0,
Global Copiers,10/31/2023,17671.0,10/19/2023,SAVIN  Inv,1.0,1050.0,
Global Copiers,10/31/2023,17671.0,NOT FROM TBC,RICOH,1.0,0.0,
Global Copiers,10/31/2023,17671.0,NOT FROM TBC,RICOH,1.0,0.0,
Global Copiers,10/31/2023,17671.0,NOT FROM TBC,RICOH,1.0,0.0,
Global Copiers,10/31/2023,17671.0,NOT FROM TBC,TOSHIBA  Inv,1.0,0.0,
Global Copiers,10/31/2023,17671.0,NOT FROM TBC,TOSHIBA  Inv,1.0,0.0,
Global Copiers,10/31/2023,17671.0,TAG 38407,RICOH,1.0,250.0,
Global Printing Immigration & Multiservic,5/4/2022,16936.0,TTR Shipping,FREIGHT,0.0,335.5,
Goldstar  C,8/1/2023,17558.0,,PACKAGE  Inv,1.0,2300.0,
Greater Philadelphia,12/30/2023,17751.0,ADJUSTMENT JE 12/31/2020,ADJUSTMENT,1.0,600.0,
Greater Philadelphia Equipment Company,9/24/2020,15948.0,NOT TAGGED,RICOH,5.0,0.0,
Greater Philadelphia Equipment Company,10/29/2020,16055.0,FAX BOARDS,RICOH,5.0,100.0,
Greater Philadelphia Equipment Company,10/29/2020,16055.0,FEDEX GROUND,FREIGHT,1.0,8.7,
Greater Philadelphia Equipment Company,11/2/2021,16618.0,,CANON,1.0,100.0,
Greater Philadelphia Equipment Company,8/11/2022,17062.0,PRICE ADJUSTMENT,RICOH,3.0,200.0,
Greater Philadelphia Equipment Company,4/11/2023,17393.0,TBC Shipping,FREIGHT,1.0,100.0,
Green Office Solutions   C,6/15/2021,16357.0,6/1/2021,LANIER,1.0,100.0,
Green Office Solutions   C,6/15/2021,16357.0,6/1/2021,SUPPLIES,4.0,25.0,
Green Office Solutions   C,6/15/2021,16357.0,6/1/2021,SUPPLIES,1.0,25.0,
Green Office Solutions   C,6/15/2021,16357.0,6/1/2021,SUPPLIES,1.0,25.0,
Green Office Solutions   C,7/22/2021,16444.0,,LANIER,1.0,100.0,
Green Office Solutions   C,7/22/2021,16444.0,,RICOH,1.0,400.0,
Green Office Solutions   C,2/27/2023,17330.0,ink and masters,PACKAGE  Inv,1.0,2500.0,
Greenline Copy Tech,9/14/2021,16528.0,,TOSHIBA,6.0,65.0,
Greenline Copy Tech,9/14/2021,16528.0,,TOSHIBA,1.0,65.0,
Greenline Copy Tech,9/14/2021,16528.0,,TOSHIBA,5.0,65.0,
Greenline Copy Tech,9/14/2021,16528.0,,TOSHIBA,3.0,90.0,
Greenline Copy Tech,9/14/2021,16528.0,,TOSHIBA,19.0,90.0,
Greenline Copy Tech,9/14/2021,16528.0,,TOSHIBA,26.0,90.0,
Greenline Copy Tech,9/14/2021,16528.0,,TOSHIBA,7.0,125.0,
Greenline Copy Tech,9/14/2021,16528.0,,TOSHIBA,54.0,125.0,
Greenline Copy Tech,9/14/2021,16528.0,,TOSHIBA,17.0,125.0,
Greenline Copy Tech,9/14/2021,16528.0,,TOSHIBA,3.0,125.0,
Greenline Copy Tech,9/14/2021,16528.0,,TOSHIBA,5.0,65.0,
Greenline Copy Tech,9/14/2021,16528.0,LOADING,LOADING,1.0,1300.0,
Greenline Copy Tech,9/14/2021,16528.0,FREIGHT,FREIGHT,1.0,3300.0,
Greenline Copy Tech,9/14/2021,16528.0,,TOSHIBA,2.0,90.0,
Greenline Copy Tech,9/14/2021,16528.0,,TOSHIBA,1.0,125.0,
Greenline Copy Tech,10/7/2021,16513.0,C2E242074 FLAT TOP,TOSHIBA,1.0,0.0,
Greenline Copy Tech,10/7/2021,16513.0,CWEC10176,TOSHIBA,1.0,0.0,
Greenline Copy Tech,10/7/2021,16513.0,C2D234346,TOSHIBA,1.0,0.0,
Greenline Copy Tech,10/7/2021,16513.0,CEAE59536,TOSHIBA,1.0,0.0,
Greenline Copy Tech,10/7/2021,16513.0,CEAE59380,TOSHIBA,1.0,0.0,
Greenline Copy Tech,10/7/2021,16513.0,CEAE59377,TOSHIBA,1.0,0.0,
Greenline Copy Tech,10/7/2021,16513.0,CPL036794 NO HD,TOSHIBA,1.0,0.0,
Greenline Copy Tech,10/7/2021,16513.0,C2H251130,TOSHIBA,1.0,0.0,
Greenline Copy Tech,10/7/2021,16513.0,C2H251219,TOSHIBA,1.0,0.0,
Greenline Copy Tech,10/7/2021,16513.0,CQ1030339,TOSHIBA,1.0,0.0,
Greenline Copy Tech,10/7/2021,16513.0,C2EC40346,TOSHIBA,1.0,0.0,
Greenline Copy Tech,10/7/2021,16513.0,C2GC46828,TOSHIBA,1.0,0.0,
Greenline Copy Tech,10/7/2021,16513.0,C2D233659,TOSHIBA,1.0,0.0,
Greenline Copy Tech,10/7/2021,16513.0,C2L215095 NO HD,TOSHIBA,1.0,0.0,
Greenline Copy Tech,10/7/2021,16513.0,C2DC36524,TOSHIBA,1.0,0.0,
Greenline Copy Tech,10/7/2021,16513.0,C2C229296,TOSHIBA,1.0,0.0,
Greenline Copy Tech,10/7/2021,16513.0,C2L215254,TOSHIBA,1.0,0.0,
Greenline Copy Tech,10/7/2021,16513.0,C2BC21869,TOSHIBA,1.0,0.0,
Greenline Copy Tech,9/1/2022,17139.0,Additional freight charges,FREIGHT,1.0,1085.0,
GRH COPIERS,10/30/2023,17612.0,9/1/2023,RICOH,3.0,175.0,
GRH COPIERS,10/30/2023,17612.0,9/1/2023,RICOH,1.0,80.0,
GRH COPIERS,10/30/2023,17612.0,9/1/2023,RICOH,1.0,250.0,
GRH COPIERS,10/30/2023,17612.0,9/1/2023,RICOH,1.0,400.0,
GRH COPIERS,10/30/2023,17612.0,SKID 1,SAVIN  Inv,1.0,75.0,
GRH COPIERS,10/30/2023,17612.0,SKID 1,SAVIN  Inv,1.0,75.0,
GRH COPIERS,10/30/2023,17612.0,SKID 1,SAVIN  Inv,1.0,75.0,
GRH COPIERS,10/30/2023,17612.0,SKID 1,SAVIN  Inv,1.0,75.0,
GRH COPIERS,10/30/2023,17612.0,SKID 1,SAVIN  Inv,1.0,75.0,
GRH COPIERS,10/30/2023,17612.0,SKID 1,SAVIN  Inv,1.0,75.0,
GRH COPIERS,10/30/2023,17612.0,SKID 3,RICOH,1.0,75.0,
GRH COPIERS,10/30/2023,17612.0,SKID 4,RICOH,1.0,75.0,
GRH COPIERS,10/30/2023,17612.0,SKID 5,RICOH,1.0,75.0,
GRH COPIERS,10/30/2023,17612.0,SKID 5,RICOH,1.0,75.0,
GRH COPIERS,10/30/2023,17612.0,SKID 5,RICOH,1.0,75.0,
GRH COPIERS,10/30/2023,17612.0,SKID 5,RICOH,1.0,75.0,
GRH COPIERS,10/30/2023,17612.0,SKID 6,RICOH,1.0,75.0,
GRH COPIERS,10/30/2023,17612.0,SKID 6,RICOH,1.0,75.0,
GRH COPIERS,10/30/2023,17612.0,SKID 6,RICOH,1.0,75.0,
GRH COPIERS,10/30/2023,17612.0,SKID 6,RICOH,1.0,75.0,
GRH COPIERS,10/30/2023,17612.0,SKID 6,RICOH,1.0,75.0,
GRH COPIERS,10/30/2023,17612.0,SKID 7,RICOH,1.0,75.0,
GRH COPIERS,10/30/2023,17612.0,SKID 7,RICOH,1.0,75.0,
GRH COPIERS,10/30/2023,17612.0,SKID 7,RICOH,1.0,75.0,
GRH COPIERS,10/30/2023,17612.0,SKID 7,RICOH,1.0,75.0,
GRH COPIERS,10/30/2023,17612.0,SKID 7,RICOH,1.0,75.0,
GRH COPIERS,10/30/2023,17612.0,SKID 7,RICOH,1.0,75.0,
GRH COPIERS,10/30/2023,17612.0,SKID 7,RICOH,1.0,75.0,
GRH COPIERS,10/30/2023,17612.0,SKID 7,RICOH,1.0,75.0,
GRH COPIERS,10/30/2023,17612.0,SKID 8,RICOH,1.0,75.0,
GRH COPIERS,10/30/2023,17612.0,SKID 8,RICOH,1.0,75.0,
GRH COPIERS,10/30/2023,17612.0,SKID 8,RICOH,1.0,75.0,
GRH COPIERS,10/30/2023,17612.0,SKID 8,RICOH,1.0,75.0,
GRH COPIERS,10/30/2023,17612.0,SKID 8,RICOH,1.0,75.0,
GRH COPIERS,10/30/2023,17612.0,SKID 8,RICOH,1.0,75.0,
GRH COPIERS,10/30/2023,17612.0,FINISHER,RICOH,3.0,0.0,
GRH COPIERS,10/30/2023,17612.0,LCT,RICOH,8.0,0.0,
GRH COPIERS,10/30/2023,17612.0,9/1/2023,RICOH,3.0,0.0,
GRH COPIERS,10/30/2023,17612.0,FREIGHT,FREIGHT,1.0,4315.0,
GRH COPIERS,10/30/2023,17612.0,3 CASS  TAG 35938,RICOH,1.0,80.0,
Gross Printing,1/2/2023,17259.0,TBC Shipping,FREIGHT,1.0,250.0,
GTO,11/5/2021,16636.0,,RICOH,1.0,0.0,
Guangdong Dongwo Mechanical & Electrical,3/23/2023,17350.0,3/13/2023,HP  Inv,1.0,8500.0,
Guangdong Dongwo Mechanical & Electrical,3/23/2023,17350.0,3/13/2023,SHARP,1.0,250.0,
Guangdong Dongwo Mechanical & Electrical,3/23/2023,17350.0,3/13/2023,SHARP,1.0,200.0,
Guangdong Dongwo Mechanical & Electrical,3/23/2023,17350.0,3/13/2023,CANON,1.0,600.0,
Guangdong Dongwo Mechanical & Electrical,3/23/2023,17350.0,3/13/2023,LANIER,1.0,1400.0,
Guangdong Dongwo Mechanical & Electrical,3/23/2023,17350.0,3/13/2023,CANON,1.0,600.0,
Guangdong Dongwo Mechanical & Electrical,3/23/2023,17350.0,3/13/2023,SHARP,1.0,250.0,
Guangdong Dongwo Mechanical & Electrical,3/23/2023,17350.0,3/13/2023,RICOH,1.0,300.0,
Guangdong Dongwo Mechanical & Electrical,3/23/2023,17350.0,3/13/2023,SAVIN  Inv,1.0,300.0,
Guangdong Dongwo Mechanical & Electrical,3/23/2023,17350.0,W/RT5070  #31325,RICOH,1.0,3000.0,
Guangdong Dongwo Mechanical & Electrical,3/23/2023,17350.0,LCT W/8200  #31326,RICOH,1.0,0.0,
Guangdong Dongwo Mechanical & Electrical,3/23/2023,17350.0,3/13/2023,SHARP,1.0,250.0,
Guangdong Dongwo Mechanical & Electrical,3/23/2023,17350.0,3/13/2023,SHARP,1.0,250.0,
Guangdong Dongwo Mechanical & Electrical,3/23/2023,17350.0,3/13/2023,SHARP,1.0,200.0,
Guangdong Dongwo Mechanical & Electrical,3/23/2023,17350.0,3/13/2023,TOSHIBA  Inv,1.0,300.0,
Guangdong Dongwo Mechanical & Electrical,3/23/2023,17350.0,3/13/2023,SHARP,1.0,325.0,
Guangdong Dongwo Mechanical & Electrical,3/23/2023,17350.0,3/13/2023,SHARP,1.0,200.0,
Guangdong Dongwo Mechanical & Electrical,3/23/2023,17350.0,3/13/2023,SHARP,1.0,200.0,
Guangdong Dongwo Mechanical & Electrical,3/23/2023,17350.0,3/13/2023,SHARP,1.0,350.0,
Guangdong Dongwo Mechanical & Electrical,3/23/2023,17350.0,3/13/2023,SHARP,1.0,200.0,
Guangdong Dongwo Mechanical & Electrical,3/23/2023,17350.0,3/13/2023,SHARP,1.0,200.0,
Guangdong Dongwo Mechanical & Electrical,3/23/2023,17350.0,LOADING W/IPPC WOOD,LOADING,1.0,1600.0,
Guangdong Dongwo Mechanical & Electrical,3/23/2023,17350.0,FREIGHT,FREIGHT,1.0,3920.0,
Guangdong Dongwo Mechanical & Electrical,3/23/2023,17350.0,FREIGHT - SCALE FEE,FREIGHT,1.0,200.0,
Guangdong Dongwo Mechanical & Electrical,6/22/2023,17484.0,LOADING W/IPPC WOOD,LOADING,1.0,1600.0,
Guangdong Dongwo Mechanical & Electrical,6/22/2023,17484.0,FREIGHT (ESTIMATE),FREIGHT,1.0,3560.0,
Guangdong Dongwo Mechanical & Electrical,6/22/2023,17484.0,LCT W/34810,RICOH,1.0,0.0,
Guangdong Dongwo Mechanical & Electrical,6/22/2023,17484.0,TAG 28998,TOSHIBA  Inv,1.0,150.0,
GUANGXI HUANMAOLONG ELECTROMECHANICAL REM,12/31/2021,16730.0,Adjustment to remove old credit balance from QB,ADJUSTMENT,1.0,686.47,
H&N Laser   C,6/21/2023,17500.0,,HP,1.0,0.0,
H&N Laser   C,6/21/2023,17500.0,,HP,4.0,0.0,
H&N Laser   C,6/21/2023,17500.0,,HP,3.0,0.0,
H&N Laser   C,6/21/2023,17500.0,,HP,1.0,0.0,
H&N Laser   C,6/21/2023,17500.0,,HP,1.0,0.0,
H&N Laser   C,6/21/2023,17500.0,,HP,1.0,0.0,
H&N Laser   C,6/21/2023,17500.0,,HP,1.0,0.0,
H&N Laser   C,6/21/2023,17500.0,,LEXMARK,2.0,0.0,
H&N Laser   C,6/21/2023,17500.0,,HP,7.0,0.0,
H&N Laser   C,6/21/2023,17500.0,,HP,2.0,0.0,
H&N Laser   C,6/21/2023,17500.0,,PACKAGE  Inv,1.0,500.0,
Hallmark Copier Company     C,11/17/2022,17206.0,TBC Shipping,FREIGHT,1.0,250.0,
Hallmark Copier Company     C,2/6/2023,17295.0,TBC Shipping,FREIGHT,1.0,650.0,
Hendrix Office Equipment,11/12/2020,16082.0,Moe Trans,FREIGHT,1.0,225.0,
Hendrix Office Equipment,1/28/2022,16779.0,Moe Trans,FREIGHT,1.0,360.0,
Hendrix Office Equipment,1/28/2022,16779.0,Package discount,ADJUSTMENT,1.0,-90.0,
Hendrix Office Equipment,1/28/2022,16779.0,2% CREDIT CARD FEE,Credit Card Fee,1.0,45.0,
Hendrix Office Equipment,5/17/2022,16953.0,Emerson Logistics,FREIGHT,1.0,510.0,
Hendrix Office Equipment,5/17/2022,16953.0,2% credit card fee,Credit Card Fee,1.0,30.0,
Hi Color Graphics,12/29/2020,16150.0,PLOCKMATIC 350,RICOH,1.0,5000.0,
Hi Color Graphics,12/29/2020,16150.0,,RICOH,1.0,0.0,
Hi Color Graphics,12/29/2020,16150.0,,RICOH,1.0,0.0,
Hi Color Graphics,12/29/2020,16150.0,,RICOH,1.0,0.0,
Hi Color Graphics,12/29/2020,16150.0,SHIPPING,SHIPPING,1.0,500.0,
Hi Color Graphics,12/29/2020,16150.0,DISCOUNT,CREDIT,1.0,-1000.0,
HIS Servant Foundation,10/24/2023,17678.0,TTR Shipping,FREIGHT,1.0,300.0,
HIS Servant Foundation,10/24/2023,17678.0,Discount,ADJUSTMENT,1.0,-500.0,
Hoa Hong Services and Trading,4/18/2023,17384.0,4/6/2023,RICOH,1.0,475.0,
Hoa Hong Services and Trading,4/18/2023,17384.0,4/6/2023,RICOH,1.0,330.0,
Hoa Hong Services and Trading,4/18/2023,17384.0,LOADING,LOADING,1.0,1600.0,
Hoa Hong Services and Trading,4/18/2023,17384.0,4/6/2023,RICOH,1.0,1350.0,
Hoa Hong Services and Trading,6/20/2023,17468.0,6/8/2023,LOADING,1.0,1600.0,
Hoa Hong Services and Trading,6/20/2023,17468.0,6/8/2023,RICOH,1.0,420.0,
Hoa Hong Services and Trading,6/20/2023,17468.0,6/8/2023,RICOH,1.0,420.0,
Hoa Hong Services and Trading,6/20/2023,17468.0,(W3601) 2 ROLLS,LANIER,1.0,1200.0,
Hoa Hong Services and Trading,8/14/2023,17569.0,VOID: 8/2/2023,LOADING,0.0,1600.0,
Hoa Hong Services and Trading,11/17/2023,17697.0,LOADING,LOADING,0.0,1600.0,
Hoa Hong Services and Trading,12/1/2023,17699.0,LOADING,LOADING,1.0,1600.0,
Hoa Hong Services and Trading,12/1/2023,17699.0,11/17/2023,RICOH,1.0,950.0,
Hoa Hong Services and Trading,12/1/2023,17699.0,11/17/2023,RICOH,1.0,950.0,
Hoa Hong Services and Trading,12/1/2023,17699.0,FINISHERS,RICOH,12.0,0.0,
Hoa Hong Services and Trading,12/1/2023,17699.0,LCT'S,RICOH,2.0,0.0,
Hoa Hong Services and Trading,4/8/2024,17810.0,3/19/2024,RICOH,1.0,250.0,
Hoa Hong Services and Trading,4/8/2024,17810.0,3/19/2024,RICOH,1.0,250.0,
Hoa Hong Services and Trading,4/8/2024,17810.0,3/19/2024,RICOH,1.0,250.0,
Hoa Hong Services and Trading,4/8/2024,17810.0,3/19/2024,RICOH,1.0,1150.0,
Hoa Hong Services and Trading,4/8/2024,17810.0,3/19/2024,RICOH,1.0,1150.0,
Hoa Hong Services and Trading,4/8/2024,17810.0,3/19/2024,RICOH,1.0,1150.0,
Hoa Hong Services and Trading,4/8/2024,17810.0,3/19/2024,RICOH,1.0,1150.0,
Hoa Hong Services and Trading,4/8/2024,17810.0,3/19/2024,RICOH,1.0,1150.0,
Hoa Hong Services and Trading,4/8/2024,17810.0,3/19/2024,RICOH,1.0,1150.0,
Hoa Hong Services and Trading,4/8/2024,17810.0,LOADING,LOADING,1.0,1600.0,
Hoa Hong Services and Trading,4/8/2024,17810.0,FINISHERS,RICOH,1.0,0.0,
Horizon office equipment                C,4/22/2021,16313.0,,RICOH,1.0,750.0,
Horizon office equipment                C,5/26/2021,16355.0,2% credit card fee,Credit Card Fee,1.0,17.0,
Horizon office equipment                C,6/22/2021,16397.0,,RICOH,1.0,650.0,
Horizon office equipment                C,7/6/2021,16419.0,TBC Shipping,FREIGHT,1.0,150.0,
Horizon office equipment                C,7/19/2021,16434.0,4 trays/ext. fin ADD FAX,RICOH,1.0,1100.0,
Horizon office equipment                C,7/19/2021,16434.0,Fiery,RICOH,1.0,400.0,
Horizon office equipment                C,7/22/2021,16446.0,tbc shipping,FREIGHT,1.0,150.0,
Horizon office equipment                C,9/15/2021,16537.0,TBC Shipping,FREIGHT,1.0,150.0,
Horizon office equipment                C,10/1/2021,16555.0,TBC Shipping,FREIGHT,1.0,150.0,
Horizon office equipment                C,1/3/2022,16720.0,Package discount,ADJUSTMENT,1.0,-150.0,
Horizon office equipment                C,1/3/2022,16720.0,2% credit card fee,Credit Card Fee,1.0,58.0,
Horizon office equipment                C,2/23/2022,16830.0,TBC Shipping,FREIGHT,1.0,150.0,
Horizon office equipment                C,4/27/2022,16928.0,,RICOH,1.0,100.0,
Horizon office equipment                C,7/22/2022,17036.0,TBC Shipping,FREIGHT,1.0,150.0,
Horizon office equipment                C,9/7/2022,17109.0,package discount,ADJUSTMENT,1.0,-200.0,
Horizon office equipment                C,9/7/2022,17109.0,TBC Shipping,FREIGHT,1.0,150.0,
Horizon office equipment                C,1/24/2023,17287.0,TBC Shipping (fee waived),FREIGHT,1.0,0.0,
Horizon office equipment                C,2/24/2023,17328.0,Fax Board for C2004,RICOH,1.0,100.0,
Horizon office equipment                C,3/16/2023,17356.0,TBC Shipping,FREIGHT,1.0,150.0,
Horizon office equipment                C,4/4/2023,17386.0,,RICOH,1.0,5000.0,
Horizon office equipment                C,4/4/2023,17386.0,TBC Shipping (fee waived),FREIGHT,1.0,0.0,
Horizon office equipment                C,4/4/2023,17386.0,Package discount,ADJUSTMENT,1.0,-1050.0,
Horizon office equipment                C,5/5/2023,17423.0,add fax,KONICA MINOLTA,1.0,100.0,
Horizon office equipment                C,7/5/2023,17475.0,TBC Shipping,FREIGHT,1.0,150.0,
Horizon office equipment                C,2/23/2024,17789.0,,RICOH,1.0,200.0,
HY Office Equipment Wholesale LLC,1/11/2021,16168.0,,KONICA,14.0,305.0,
HY Office Equipment Wholesale LLC,1/11/2021,16168.0,108-1/26/21 16196,KONICA,791.0,595.0,
HY Office Equipment Wholesale LLC,1/11/2021,16168.0,,KONICA,2.0,495.0,
HY Office Equipment Wholesale LLC,1/11/2021,16168.0,,KONICA,3.0,75.0,
HY Office Equipment Wholesale LLC,1/11/2021,16168.0,,KONICA,2.0,895.0,
HY Office Equipment Wholesale LLC,1/11/2021,16168.0,with FIN AND FIERY,KONICA,4.0,7850.0,
HY Office Equipment Wholesale LLC,1/11/2021,16168.0,with FS532,KONICA,4.0,750.0,
HY Office Equipment Wholesale LLC,1/11/2021,16168.0,DISCOUNT,CREDIT,1.0,-9420.0,
HY Office Equipment Wholesale LLC,1/11/2021,16168.0,,LOADING,8.0,1400.0,
HY Office Equipment Wholesale LLC,1/11/2021,16168.0,FREIGHT,FREIGHT,8.0,3500.0,
HY Office Equipment Wholesale LLC,1/11/2021,16168.0,with FIERY,KONICA MINOLTA,2.0,7650.0,
HY Office Equipment Wholesale LLC,1/26/2021,16196.0,LOT OF 108 COPIERS,KONICA,108.0,595.0,
HY Office Equipment Wholesale LLC,1/26/2021,16196.0,LOADING,LOADING,1.0,1400.0,
HY Office Equipment Wholesale LLC,1/26/2021,16196.0,FREIGHT,FREIGHT,1.0,3500.0,
HY Office Equipment Wholesale LLC,1/26/2021,16197.0,LOT OF 108 COPIERS,KONICA MINOLTA,108.0,595.0,
HY Office Equipment Wholesale LLC,1/26/2021,16197.0,LOADING,LOADING,1.0,1400.0,
HY Office Equipment Wholesale LLC,1/26/2021,16197.0,FREIGHT,FREIGHT,1.0,3500.0,
HY Office Equipment Wholesale LLC,1/26/2021,16199.0,LOT OF 108 BCOPIERS,KONICA MINOLTA,108.0,595.0,
HY Office Equipment Wholesale LLC,1/26/2021,16199.0,LOADING,LOADING,1.0,1400.0,
HY Office Equipment Wholesale LLC,1/26/2021,16199.0,FREIGHT,FREIGHT,1.0,3500.0,
HY Office Equipment Wholesale LLC,1/28/2021,16203.0,LOT OF 108 COPIERS,KONICA MINOLTA,108.0,595.0,
HY Office Equipment Wholesale LLC,1/28/2021,16203.0,LOADING,LOADING,1.0,1400.0,
HY Office Equipment Wholesale LLC,1/28/2021,16203.0,FREIGHT,FREIGHT,1.0,3500.0,
HY Office Equipment Wholesale LLC,1/28/2021,16204.0,LOT OF 108 COPIERS,KONICA MINOLTA,108.0,595.0,
HY Office Equipment Wholesale LLC,1/28/2021,16204.0,LOADING,LOADING,1.0,1400.0,
HY Office Equipment Wholesale LLC,1/28/2021,16204.0,FREIGHT,FREIGHT,1.0,3500.0,
HY Office Equipment Wholesale LLC,1/28/2021,16206.0,LOT OF 108 COPIERS,KONICA MINOLTA,108.0,595.0,
HY Office Equipment Wholesale LLC,1/28/2021,16206.0,LOADING,LOADING,1.0,1400.0,
HY Office Equipment Wholesale LLC,1/28/2021,16206.0,FREIGHT,FREIGHT,1.0,3500.0,
HY Office Equipment Wholesale LLC,1/29/2021,16209.0,,KONICA MINOLTA,2.0,495.0,
HY Office Equipment Wholesale LLC,1/29/2021,16209.0,,KONICA MINOLTA,14.0,305.0,
HY Office Equipment Wholesale LLC,1/29/2021,16209.0,,KONICA MINOLTA,43.0,595.0,
HY Office Equipment Wholesale LLC,1/29/2021,16209.0,,KONICA MINOLTA,3.0,75.0,
HY Office Equipment Wholesale LLC,1/29/2021,16209.0,,KONICA MINOLTA,2.0,895.0,
HY Office Equipment Wholesale LLC,1/29/2021,16209.0,W/FIN & FIERY,KONICA,4.0,7850.0,
HY Office Equipment Wholesale LLC,1/29/2021,16209.0,,KONICA,4.0,750.0,
HY Office Equipment Wholesale LLC,1/29/2021,16209.0,LOADING,LOADING,1.0,1400.0,
HY Office Equipment Wholesale LLC,1/29/2021,16209.0,FREIGHT,FREIGHT,1.0,3500.0,
HY Office Equipment Wholesale LLC,1/29/2021,16209.0,W/FIERY,KONICA MINOLTA,2.0,7650.0,
HY Office Equipment Wholesale LLC,1/30/2021,16210.0,LOT OF 100 COPIERS,KONICA MINOLTA,100.0,595.0,
HY Office Equipment Wholesale LLC,1/30/2021,16210.0,PARTS MACHINES,KONICA MINOLTA,2.0,0.0,
HY Office Equipment Wholesale LLC,1/30/2021,16210.0,LOADING,LOADING,1.0,1400.0,
HY Office Equipment Wholesale LLC,1/30/2021,16210.0,FREIGHT,FREIGHT,1.0,3500.0,
HY Office Equipment Wholesale LLC,9/30/2022,17141.0,LOADING W/IPPC WOOD,LOADING,1.0,1600.0,
HY Office Equipment Wholesale LLC,9/30/2022,17141.0,FREIGHT,FREIGHT,1.0,4500.0,
HY Office Equipment Wholesale LLC,9/30/2022,17141.0,9/23/2022,KONICA MINOLTA,1.0,700.0,
HY Office Equipment Wholesale LLC,10/28/2022,17171.0,LOADING W/IPPC WOOD,LOADING,1.0,1600.0,
HY Office Equipment Wholesale LLC,10/28/2022,17171.0,FREIGHT,FREIGHT,1.0,4500.0,
HY Office Equipment Wholesale LLC,10/28/2022,17171.0,SCANNER,OCE  Inv,1.0,0.0,
HY Office Equipment Wholesale LLC,1/25/2023,17283.0,LOADING W/IPPC WOOD,LOADING,1.0,1600.0,
HY Office Equipment Wholesale LLC,1/25/2023,17283.0,FREIGHT,FREIGHT,1.0,3600.0,
HY Office Equipment Wholesale LLC,1/25/2023,17283.0,,TOSHIBA  Inv,1.0,50.0,
HY Office Equipment Wholesale LLC,2/27/2023,17331.0,LOADING,LOADING,0.0,1600.0,
HY Office Equipment Wholesale LLC,2/27/2023,17331.0,FREIGHT (ESTIMATE),FREIGHT,0.0,3600.0,
HY Office Equipment Wholesale LLC,2/28/2023,17313.0,LOADING W/IPPC WOOD,LOADING,1.0,1600.0,
HY Office Equipment Wholesale LLC,2/28/2023,17313.0,FREIGHT,FREIGHT,1.0,3400.0,
HY Office Equipment Wholesale LLC,2/28/2023,17313.0,2/16/2023,KONICA MINOLTA,1.0,580.0,
HY Office Equipment Wholesale LLC,2/28/2023,17313.0,2/16/2023,KONICA MINOLTA,1.0,580.0,
HY Office Equipment Wholesale LLC,2/28/2023,17313.0,2/16/2023,KONICA MINOLTA,1.0,750.0,
HY Office Equipment Wholesale LLC,2/28/2023,17313.0,2/16/2023,SHARP,1.0,600.0,
HY Office Equipment Wholesale LLC,2/28/2023,17313.0,2/16/2023,KONICA MINOLTA,1.0,580.0,
HY Office Equipment Wholesale LLC,2/28/2023,17313.0,2/16/2023,SAVIN  Inv,1.0,450.0,
HY Office Equipment Wholesale LLC,2/28/2023,17313.0,2/16/2023,RICOH,1.0,280.0,
HY Office Equipment Wholesale LLC,2/28/2023,17313.0,2/16/2023,SAVIN  Inv,1.0,450.0,
HY Office Equipment Wholesale LLC,2/28/2023,17313.0,2/16/2023,KONICA MINOLTA,1.0,580.0,
HY Office Equipment Wholesale LLC,2/28/2023,17313.0,2/16/2023,RICOH,1.0,170.0,
HY Office Equipment Wholesale LLC,2/28/2023,17313.0,2/16/2023,LANIER,1.0,1250.0,
HY Office Equipment Wholesale LLC,2/28/2023,17313.0,2/16/2023,RICOH,1.0,170.0,
HY Office Equipment Wholesale LLC,2/28/2023,17313.0,2/16/2023,RICOH,1.0,450.0,
HY Office Equipment Wholesale LLC,2/28/2023,17313.0,2/16/2023,KONICA MINOLTA,1.0,580.0,
HY Office Equipment Wholesale LLC,3/30/2023,17377.0,LOADING W/IPPC WOOD,LOADING,0.0,1600.0,
HY Office Equipment Wholesale LLC,3/30/2023,17377.0,FREIGHT (ESTIMATE),FREIGHT,0.0,3400.0,
HY Office Equipment Wholesale LLC,4/10/2023,17382.0,LOADING W/IPPC WOOD,LOADING,1.0,1600.0,
HY Office Equipment Wholesale LLC,4/10/2023,17382.0,4/3/2023,RICOH,1.0,260.0,
HY Office Equipment Wholesale LLC,4/10/2023,17382.0,FINISHER,RICOH,1.0,0.0,
HY Office Equipment Wholesale LLC,4/10/2023,17382.0,4/3/2023,RICOH,1.0,450.0,
HY Office Equipment Wholesale LLC,4/10/2023,17382.0,4/3/2023,RICOH,1.0,400.0,
HY Office Equipment Wholesale LLC,4/10/2023,17382.0,4/3/2023,LANIER,1.0,450.0,
HY Office Equipment Wholesale LLC,4/10/2023,17382.0,4/3/2023,LANIER,1.0,450.0,
HY Office Equipment Wholesale LLC,4/10/2023,17382.0,4/3/2023,LANIER,1.0,450.0,
HY Office Equipment Wholesale LLC,4/10/2023,17382.0,4/3/2023,LANIER,1.0,0.0,
HY Office Equipment Wholesale LLC,4/10/2023,17382.0,4/3/2023,RICOH,1.0,260.0,
HY Office Equipment Wholesale LLC,4/10/2023,17382.0,4/3/2023,CANON,1.0,175.0,
HY Office Equipment Wholesale LLC,4/20/2023,17390.0,32544,CANON,1.0,50.0,
HY Office Equipment Wholesale LLC,4/20/2023,17390.0,4/12/2023,SHARP,1.0,325.0,
HY Office Equipment Wholesale LLC,4/20/2023,17390.0,4/12/2023,COPYSTAR,1.0,50.0,
HY Office Equipment Wholesale LLC,4/20/2023,17390.0,4/12/2023,COPYSTAR,1.0,50.0,
HY Office Equipment Wholesale LLC,4/20/2023,17390.0,4/12/2023,XEROX,1.0,150.0,
HY Office Equipment Wholesale LLC,4/20/2023,17390.0,4/12/2023,XEROX,1.0,150.0,
HY Office Equipment Wholesale LLC,4/20/2023,17390.0,4/12/2023,XEROX,1.0,150.0,
HY Office Equipment Wholesale LLC,4/20/2023,17390.0,4/12/2023,SHARP,1.0,200.0,
HY Office Equipment Wholesale LLC,4/20/2023,17390.0,4/12/2023,SHARP,1.0,225.0,
HY Office Equipment Wholesale LLC,4/20/2023,17390.0,4/12/2023,XEROX,1.0,150.0,
HY Office Equipment Wholesale LLC,4/20/2023,17390.0,LOADING W/IPPC WOOD,LOADING,1.0,1600.0,
HY Office Equipment Wholesale LLC,8/30/2023,17608.0,TAG 34247,KONICA MINOLTA,1.0,150.0,
HY Office Equipment Wholesale LLC,8/30/2023,17608.0,,KIP,1.0,1200.0,
HY Office Equipment Wholesale LLC,8/30/2023,17608.0,LOADING,LOADING,1.0,1600.0,
HZC,10/27/2020,16016.0,LOADING W/IPPC WOOD,LOADING,1.0,1300.0,
HZC,10/27/2020,16016.0,FREIGHT,FREIGHT,1.0,2250.0,
HZC,10/27/2020,16016.0,FINISHER,RICOH,1.0,0.0,
HZC,10/27/2020,16016.0,FINISHER,RICOH,1.0,0.0,
HZC,10/27/2020,16016.0,FINISHER,RICOH,1.0,0.0,
HZC,10/27/2020,16016.0,FINISHER,RICOH,1.0,0.0,
HZC,10/27/2020,16016.0,FINISHER,RICOH,1.0,0.0,
HZC,10/27/2020,16016.0,FINISHER,RICOH,1.0,0.0,
HZC,10/27/2020,16016.0,FINISHER,RICOH,1.0,0.0,
HZC,10/27/2020,16016.0,FINISHER,RICOH,1.0,0.0,
HZC,10/27/2020,16016.0,FINISHER,RICOH,1.0,0.0,
HZC,11/3/2020,16050.0,LOADING W/IPPC WOOD,LOADING,1.0,1300.0,
HZC,11/3/2020,16050.0,FREIGHT,FREIGHT,1.0,2250.0,
HZC,11/3/2020,16050.0,FINISHER,RICOH,1.0,0.0,
HZC,11/3/2020,16050.0,FINISHER,RICOH,1.0,0.0,
HZC,11/3/2020,16050.0,FINISHER,RICOH,1.0,0.0,
HZC,11/3/2020,16050.0,WFINISHER,RICOH,1.0,1450.0,
HZC,11/3/2020,16050.0,W/FINISHER,RICOH,1.0,1500.0,
HZC,11/3/2020,16050.0,WFINISHER,RICOH,1.0,1500.0,
HZC,11/3/2020,16050.0,,RICOH,1.0,420.0,
HZC,11/3/2020,16050.0,,RICOH,1.0,225.0,
HZC,11/3/2020,16050.0,,RICOH,1.0,225.0,
HZC,11/3/2020,16050.0,,RICOH,1.0,270.0,
HZC,11/3/2020,16050.0,,RICOH,1.0,225.0,
HZC,11/3/2020,16050.0,,RICOH,1.0,270.0,
HZC,11/3/2020,16050.0,,RICOH,1.0,225.0,
HZC,11/3/2020,16050.0,,RICOH,1.0,270.0,
HZC,11/3/2020,16050.0,,RICOH,1.0,225.0,
HZC,11/3/2020,16050.0,,RICOH,1.0,225.0,
HZC,11/3/2020,16050.0,,RICOH,1.0,225.0,
HZC,11/3/2020,16050.0,,RICOH,1.0,225.0,
HZC,11/3/2020,16050.0,,RICOH,1.0,270.0,
HZC,11/3/2020,16050.0,,RICOH,1.0,270.0,
HZC,11/3/2020,16050.0,,RICOH,1.0,270.0,
HZC,11/3/2020,16050.0,,RICOH,1.0,225.0,
HZC,11/3/2020,16050.0,,RICOH,1.0,270.0,
HZC,11/13/2020,16057.0,LOADING W/IPPC WOOD,LOADING,1.0,1300.0,
HZC,11/13/2020,16057.0,FREIGHT,FREIGHT,1.0,2250.0,
HZC,11/13/2020,16057.0,11/5/2020,RICOH,1.0,1450.0,
HZC,11/13/2020,16057.0,"W/PRO80-25, PF-707, RU-509, RD-503, FS-532",KONICA MINOLTA,1.0,6300.0,
HZC,11/13/2020,16057.0,LCT,KONICA MINOLTA,1.0,0.0,
HZC,11/13/2020,16057.0,FIERY,KONICA MINOLTA,1.0,0.0,
HZC,11/13/2020,16057.0,RELAY UNIT,KONICA MINOLTA,1.0,0.0,
HZC,11/13/2020,16057.0,OTHER,KONICA MINOLTA,1.0,0.0,
HZC,11/13/2020,16057.0,FINISHER,KONICA MINOLTA,1.0,0.0,
HZC,11/13/2020,16057.0,11/5/2020,RICOH,1.0,1450.0,
HZC,11/13/2020,16057.0,11/5/2020,RICOH,1.0,275.0,
HZC,11/13/2020,16057.0,11/5/2020,RICOH,1.0,275.0,
HZC,11/13/2020,16057.0,11/5/2020,RICOH,1.0,275.0,
HZC,11/13/2020,16057.0,11/5/2020,RICOH,1.0,225.0,
HZC,11/13/2020,16057.0,S/N G145RB00148,SAVIN,1.0,225.0,
HZC,11/13/2020,16057.0,11/5/2020,RICOH,1.0,225.0,
HZC,11/13/2020,16057.0,11/5/2020,RICOH,1.0,225.0,
HZC,11/13/2020,16057.0,11/5/2020,RICOH,1.0,225.0,
HZC,11/13/2020,16057.0,11/5/2020,RICOH,1.0,225.0,
HZC,11/13/2020,16057.0,11/5/2020,RICOH,1.0,225.0,
HZC,11/13/2020,16057.0,11/5/2020,RICOH,1.0,225.0,
HZC,11/13/2020,16057.0,11/5/2020,RICOH,1.0,225.0,
HZC,11/13/2020,16057.0,11/5/2020,RICOH,1.0,225.0,
HZC,11/13/2020,16057.0,S/N W865L800054,SAVIN,1.0,1450.0,
HZC,11/13/2020,16057.0,11/5/2020,RICOH,1.0,1450.0,
HZC,11/13/2020,16057.0,11/5/2020,RICOH,1.0,1450.0,
HZC,11/13/2020,16057.0,11/5/2020,RICOH,1.0,1450.0,
HZC,11/13/2020,16057.0,11/5/2020,RICOH,1.0,225.0,
HZC,11/13/2020,16057.0,11/5/2020,RICOH,1.0,225.0,
HZC,11/13/2020,16057.0,11/5/2020,SHARP,1.0,550.0,
HZC,11/20/2020,16089.0,LOADING W/IPPC WOOD,LOADING,1.0,1300.0,
HZC,11/20/2020,16089.0,FREIGHT,FREIGHT,1.0,2250.0,
HZC,11/20/2020,16089.0,11/16/2020,CANON,1.0,775.0,
HZC,11/20/2020,16089.0,FINISHER,RICOH,1.0,0.0,
HZC,11/20/2020,16089.0,FIERY,XEROX,1.0,0.0,
HZC,11/20/2020,16089.0,2 ROLLS,RICOH,1.0,3900.0,
HZC,11/20/2020,16089.0,2 ROLLS,LANIER,1.0,3100.0,
HZC,12/4/2020,16101.0,FINISHER,RICOH,1.0,0.0,
HZC,12/4/2020,16101.0,11/23/2020,SHARP,1.0,415.0,
HZC,12/4/2020,16101.0,11/23/2020,SHARP,1.0,415.0,
HZC,12/4/2020,16101.0,FIERY,RICOH,1.0,575.0,
HZC,12/4/2020,16101.0,11/23/2020,SHARP,1.0,415.0,
HZC,12/4/2020,16101.0,11/23/2020,SHARP,1.0,415.0,
HZC,12/4/2020,16101.0,11/23/2020,SHARP,1.0,415.0,
HZC,12/4/2020,16101.0,11/23/2020,KONICA MINOLTA,1.0,3000.0,
HZC,12/4/2020,16101.0,FINISHER S/N NA,KONICA,1.0,0.0,
HZC,12/4/2020,16101.0,LCT S/N A03WWW0052718,KONICA,1.0,0.0,
HZC,12/4/2020,16101.0,11/23/2020,KONICA MINOLTA,1.0,3200.0,
HZC,12/4/2020,16101.0,RELALY UNIT S/N A2A2W11000888,KONICA,1.0,0.0,
HZC,12/4/2020,16101.0,OTHER S/N A0H0W11001570,KONICA,1.0,0.0,
HZC,12/4/2020,16101.0,FINISHER S/N A0GYW2006165,KONICA,1.0,0.0,
HZC,12/4/2020,16101.0,LCT S/N A03WWW0030303,KONICA,1.0,0.0,
HZC,12/4/2020,16101.0,11/23/2020,RICOH,1.0,2600.0,
HZC,12/4/2020,16101.0,FINISHER,RICOH,1.0,0.0,
HZC,12/4/2020,16101.0,FIERY,RICOH,1.0,0.0,
HZC,12/4/2020,16101.0,LCT,RICOH,1.0,0.0,
HZC,12/4/2020,16101.0,LOADING,LOADING,1.0,1300.0,
HZC,12/4/2020,16101.0,FREIGHT,FREIGHT,1.0,2500.0,
HZC,12/4/2020,16101.0,FIERY,CANON,1.0,0.0,
HZC,12/22/2020,16131.0,FINISHER,RICOH,1.0,0.0,
HZC,12/22/2020,16131.0,12/11/2020,RICOH,1.0,3300.0,
HZC,12/22/2020,16131.0,FINISHER,RICOH,1.0,0.0,
HZC,12/22/2020,16131.0,LCT,RICOH,1.0,0.0,
HZC,12/22/2020,16131.0,12/11/2020,RICOH,1.0,2500.0,
HZC,12/22/2020,16131.0,FINISHER,RICOH,1.0,0.0,
HZC,12/22/2020,16131.0,12/11/2020,RICOH,1.0,2400.0,
HZC,12/22/2020,16131.0,FINISHER,RICOH,1.0,0.0,
HZC,12/22/2020,16131.0,12/11/2020,RICOH,1.0,2400.0,
HZC,12/22/2020,16131.0,FINISHER,RICOH,1.0,0.0,
HZC,12/22/2020,16131.0,S/N W864L700552,SAVIN,1.0,1550.0,
HZC,12/22/2020,16131.0,S/N W864L100769,SAVIN,1.0,1550.0,
HZC,12/22/2020,16131.0,S/N W865LC00037,SAVIN,1.0,1550.0,
HZC,12/22/2020,16131.0,S/N W863L900806,SAVIN,1.0,1550.0,
HZC,12/22/2020,16131.0,S/N W864LC00143,SAVIN,1.0,1550.0,
HZC,12/22/2020,16131.0,S/N W864L800847,SAVIN,1.0,1550.0,
HZC,12/22/2020,16131.0,12/11/2020,SHARP,1.0,300.0,
HZC,12/22/2020,16131.0,12/11/2020,SHARP,1.0,300.0,
HZC,12/22/2020,16131.0,12/11/2020,SHARP,1.0,300.0,
HZC,12/22/2020,16131.0,12/11/2020,SHARP,1.0,300.0,
HZC,12/22/2020,16131.0,12/11/2020,SHARP,1.0,300.0,
HZC,12/22/2020,16131.0,12/11/2020,SHARP,1.0,300.0,
HZC,12/22/2020,16131.0,12/11/2020,SHARP,1.0,300.0,
HZC,12/22/2020,16131.0,12/11/2020,SHARP,1.0,300.0,
HZC,12/22/2020,16131.0,12/11/2020,SHARP,1.0,360.0,
HZC,12/22/2020,16131.0,12/11/2020,SHARP,1.0,300.0,
HZC,12/22/2020,16131.0,12/11/2020,SHARP,1.0,300.0,
HZC,12/22/2020,16131.0,12/11/2020,SHARP,1.0,300.0,
HZC,12/22/2020,16131.0,12/11/2020,SHARP,1.0,300.0,
HZC,12/22/2020,16131.0,12/11/2020,SHARP,1.0,300.0,
HZC,12/22/2020,16131.0,12/11/2020,SHARP,1.0,360.0,
HZC,12/22/2020,16131.0,12/11/2020,SHARP,1.0,300.0,
HZC,12/22/2020,16131.0,12/11/2020,SHARP,1.0,300.0,
HZC,12/22/2020,16131.0,12/11/2020,SHARP,1.0,300.0,
HZC,12/22/2020,16131.0,12/11/2020,SHARP,1.0,300.0,
HZC,12/22/2020,16131.0,12/11/2020,SHARP,1.0,300.0,
HZC,12/22/2020,16131.0,S/N W875L700511,SAVIN,1.0,1550.0,
HZC,12/22/2020,16131.0,TAG 10623,RICOH,1.0,1550.0,
HZC,12/22/2020,16131.0,TAG 10624 OUT OF ORDER,RICOH,1.0,1550.0,
HZC,12/22/2020,16131.0,12/11/2020,RICOH,1.0,575.0,
HZC,12/22/2020,16131.0,12/11/2020,RICOH,1.0,575.0,
HZC,12/22/2020,16131.0,12/11/2020,RICOH,1.0,575.0,
HZC,12/22/2020,16131.0,12/11/2020,LANIER,1.0,1550.0,
HZC,12/22/2020,16131.0,12/11/2020,RICOH,1.0,1550.0,
HZC,12/22/2020,16131.0,12/11/2020,RICOH,1.0,1550.0,
HZC,12/22/2020,16131.0,12/11/2020,LANIER,1.0,1550.0,
HZC,12/22/2020,16131.0,S/N W875L700334,SAVIN,1.0,1550.0,
HZC,12/22/2020,16131.0,S/N W875L700281,SAVIN,1.0,1550.0,
HZC,12/22/2020,16131.0,S/N G165RA30109,SAVIN,1.0,230.0,
HZC,12/22/2020,16131.0,12/11/2020,RICOH,1.0,450.0,
HZC,12/22/2020,16131.0,12/11/2020,RICOH,1.0,225.0,
HZC,12/22/2020,16131.0,12/11/2020,RICOH,1.0,225.0,
HZC,12/22/2020,16131.0,G165RA30655,SAVIN,1.0,230.0,
HZC,12/22/2020,16131.0,G144R900073,SAVIN,1.0,225.0,
HZC,12/22/2020,16131.0,G164R930471,SAVIN,1.0,230.0,
HZC,12/22/2020,16131.0,G165R230906,SAVIN,1.0,230.0,
HZC,12/22/2020,16131.0,G145R701518,SAVIN,1.0,225.0,
HZC,12/22/2020,16131.0,12/11/2020,KONICA MINOLTA,1.0,530.0,
HZC,12/22/2020,16131.0,12/11/2020,KONICA MINOLTA,1.0,750.0,
HZC,12/22/2020,16131.0,12/11/2020,KONICA MINOLTA,1.0,750.0,
HZC,12/22/2020,16131.0,12/11/2020,SHARP,1.0,575.0,
HZC,12/22/2020,16131.0,12/11/2020,RICOH,1.0,450.0,
HZC,12/22/2020,16131.0,12/11/2020,RICOH,1.0,225.0,
HZC,12/22/2020,16131.0,12/11/2020,RICOH,1.0,450.0,
HZC,12/22/2020,16131.0,LOADING W/IPPC WOOD,LOADING,1.0,1300.0,
HZC,12/22/2020,16131.0,FREIGHT,FREIGHT,1.0,2500.0,
HZC,1/8/2021,16164.0,LOADING,LOADING,1.0,1400.0,
HZC,1/8/2021,16164.0,FREIGHT,FREIGHT,1.0,3095.0,
HZC,1/8/2021,16164.0,LCT W/11916,SHARP,1.0,0.0,
HZC,1/8/2021,16164.0,OTHER W/11916,SHARP,1.0,0.0,
HZC,1/15/2021,16182.0,LOADING,LOADING,1.0,1400.0,
HZC,1/15/2021,16182.0,FREIGHT,FREIGHT,1.0,2800.0,
HZC,1/15/2021,16182.0,FINISHER,SHARP,1.0,0.0,
HZC,1/15/2021,16182.0,OTHER,SHARP,1.0,0.0,
HZC,1/15/2021,16182.0,LCT,SHARP,1.0,0.0,
HZC,1/15/2021,16182.0,,KONICA MINOLTA,1.0,450.0,
HZC,1/15/2021,16182.0,FINISHER,RICOH,1.0,0.0,
HZC,1/15/2021,16182.0,,SHARP,1.0,600.0,
HZC,1/15/2021,16182.0,S/N C267Q910729 FINISHER,SAVIN,1.0,0.0,
HZC,1/15/2021,16182.0,S/N C267Q711656 FINISHER,SAVIN,1.0,0.0,
HZC,1/15/2021,16182.0,S/N C267Q811085 FINISHER,SAVIN,1.0,0.0,
HZC,1/15/2021,16182.0,S/N C267Q411362 FINISHER,SAVIN,1.0,0.0,
HZC,1/15/2021,16182.0,,SHARP,1.0,600.0,
HZC,1/15/2021,16182.0,,SHARP,1.0,450.0,
HZC,1/15/2021,16182.0,,SHARP,1.0,450.0,
HZC,1/15/2021,16182.0,,SHARP,1.0,450.0,
HZC,1/15/2021,16182.0,,SHARP,1.0,600.0,
HZC,3/2/2021,16240.0,LOADING W/IPPC WOOD,LOADING,1.0,1400.0,
HZC,3/2/2021,16240.0,FREIGHT,FREIGHT,1.0,3000.0,
HZC,3/2/2021,16240.0,FINISHER W/12478,CANON,1.0,0.0,
HZC,3/24/2021,16276.0,LOADING W/IPPC WOOD,LOADING,1.0,1400.0,
HZC,3/24/2021,16276.0,FREIGHT,FREIGHT,1.0,3000.0,
HZC,3/24/2021,16276.0,,RICOH,1.0,1800.0,
HZC,3/24/2021,16276.0,TAG 12987 OTHER W/12976,XEROX,1.0,0.0,
HZC,3/24/2021,16276.0,,SHARP,1.0,310.0,
HZC,3/24/2021,16276.0,,SHARP,1.0,450.0,
HZC,3/24/2021,16276.0,,SHARP,1.0,450.0,
HZC,3/24/2021,16276.0,,SHARP,1.0,450.0,
HZC,3/24/2021,16276.0,,SHARP,1.0,630.0,
HZC,3/24/2021,16276.0,,SHARP,1.0,270.0,
HZC,3/24/2021,16276.0,,SHARP,1.0,75.0,
HZC,3/24/2021,16276.0,,SHARP,1.0,150.0,
HZC,3/24/2021,16276.0,,SHARP,1.0,75.0,
HZC,3/24/2021,16276.0,,SHARP,1.0,360.0,
HZC,3/24/2021,16276.0,,SHARP,1.0,120.0,
HZC,4/16/2021,16292.0,LOADING W/IPPC WOOD,LOADING,1.0,1400.0,
HZC,4/16/2021,16292.0,FREIGHT,FREIGHT,1.0,3150.0,
HZC,4/16/2021,16292.0,FINISHER W/13513,RICOH,1.0,0.0,
HZC,4/16/2021,16292.0,FINISHER W/13511,RICOH,1.0,0.0,
HZC,4/16/2021,16292.0,FINISHER W/13512,RICOH,1.0,0.0,
HZC,4/16/2021,16292.0,FINISHER W/12041,RICOH,1.0,0.0,
HZC,4/16/2021,16292.0,FINISHER W/13550,RICOH,1.0,0.0,
HZC,4/16/2021,16292.0,FINISHER W/13549,RICOH,1.0,0.0,
HZC,4/16/2021,16292.0,FINISHER W/13540,RICOH,1.0,0.0,
HZC,4/16/2021,16292.0,FINISHER W/13548,RICOH,1.0,0.0,
HZC,4/16/2021,16292.0,FINISHER W/13542,RICOH,1.0,0.0,
HZC,4/16/2021,16292.0,LCT W/13542,RICOH,1.0,0.0,
HZC,4/16/2021,16292.0,FINISHER W/13547,RICOH,1.0,0.0,
HZC,8/20/2021,16475.0,LOADING W/IPPC WOOD,LOADING,1.0,1600.0,
HZC,8/20/2021,16475.0,FREIGHT (ESTIMATE),FREIGHT,1.0,3500.0,
HZC,8/20/2021,16475.0,FIERY W/17433,KONICA MINOLTA,1.0,0.0,
HZC,8/20/2021,16475.0,8/10/2021,RICOH,1.0,1650.0,
HZC,8/20/2021,16475.0,8/10/2021,RICOH,1.0,1750.0,
HZC,8/20/2021,16475.0,FINISHER W/MP6002,RICOH,1.0,0.0,
HZC,8/20/2021,16475.0,FINISHER W/18050,RICOH,1.0,0.0,
HZC,8/20/2021,16475.0,FINISHER W/17678,RICOH,1.0,0.0,
HZC,8/20/2021,16475.0,FINISHER W/17677,RICOH,1.0,0.0,
HZC,8/20/2021,16475.0,FINISHER W/17681,RICOH,1.0,0.0,
HZC,8/20/2021,16475.0,FINISHER W/17231,RICOH,1.0,0.0,
HZC,8/20/2021,16475.0,FINISHER W/17671,RICOH,1.0,0.0,
HZC,8/20/2021,16475.0,FINISHER W/17233,RICOH,1.0,0.0,
HZC,8/20/2021,16475.0,FINISHER W/17194,SHARP,1.0,0.0,
HZC,8/20/2021,16475.0,8/10/2021,SHARP,1.0,150.0,
HZC,8/20/2021,16475.0,8/10/2021,SHARP,1.0,150.0,
HZC,8/20/2021,16475.0,8/10/2021,SHARP,1.0,150.0,
HZC,8/20/2021,16475.0,8/10/2021,SHARP,1.0,150.0,
HZC,8/20/2021,16475.0,FINISHER W/MP6503,RICOH,1.0,0.0,
HZC,8/20/2021,16475.0,FINISHER W/17670,RICOH,1.0,0.0,
HZC,8/20/2021,16475.0,FINISHER W/17788,RICOH,1.0,0.0,
HZC,8/20/2021,16475.0,FINISHER W/17230,RICOH,1.0,0.0,
HZC,8/20/2021,16475.0,FINSIHER W/16634,SHARP,1.0,0.0,
HZC,8/20/2021,16475.0,FINISHER W/13815,SHARP,1.0,0.0,
HZC,8/20/2021,16475.0,FINISHER,RICOH,1.0,0.0,
HZC,8/20/2021,16475.0,FINISHER,SHARP,1.0,0.0,
HZC,9/30/2021,16522.0,FINISHER W/18587,SHARP,1.0,0.0,
HZC,9/30/2021,16522.0,LOADING W/IPPC WOOD,LOADING,1.0,1600.0,
HZC,9/30/2021,16522.0,FREIGHT,FREIGHT,1.0,3500.0,
HZC,9/30/2021,16522.0,S/N W875L900582,SAVIN,1.0,1650.0,
HZC,9/30/2021,16522.0,FINISHER W/18706,SHARP,1.0,0.0,
HZC,9/30/2021,16522.0,9/10/2021,SHARP,1.0,580.0,
HZC,9/30/2021,16522.0,9/10/2021,SHARP,1.0,100.0,
HZC,9/30/2021,16522.0,9/10/2021,SHARP,1.0,100.0,
HZC,9/30/2021,16522.0,9/10/2021,SHARP,1.0,300.0,
HZC,9/30/2021,16522.0,9/10/2021,RICOH,1.0,125.0,
HZC,9/30/2021,16522.0,9/10/2021,SHARP,1.0,580.0,
HZC,9/30/2021,16522.0,9/10/2021,SHARP,1.0,210.0,
HZC,9/30/2021,16522.0,9/10/2021,SHARP,1.0,330.0,
HZC,10/1/2021,16552.0,LOADING W/IPPC WOOD,LOADING,1.0,1600.0,
HZC,10/1/2021,16552.0,FREIGHT,FREIGHT,1.0,3500.0,
HZC,10/1/2021,16552.0,,RICOH,1.0,150.0,
HZC,10/15/2021,16581.0,10/13/2021,RICOH,1.0,250.0,
HZC,10/15/2021,16581.0,19096,RICOH,1.0,510.0,
HZC,10/15/2021,16581.0,10/13/2021,SHARP,1.0,360.0,
HZC,10/15/2021,16581.0,10/13/2021,LANIER,1.0,250.0,
HZC,10/15/2021,16581.0,10/13/2021,CANON,1.0,150.0,
HZC,10/15/2021,16581.0,10/13/2021,CANON,1.0,200.0,
HZC,10/15/2021,16581.0,LOADING W/IPPC WOOD,LOADING,1.0,1600.0,
HZC,10/15/2021,16581.0,FREIGHT,FREIGHT,1.0,3625.0,
HZC,10/15/2021,16581.0,Move remaining balance of $125.00 to Inv #16610,CREDIT,1.0,-125.0,
HZC,11/8/2021,16610.0,11/1/2021,CANON,1.0,170.0,
HZC,11/8/2021,16610.0,11/1/2021,CANON,1.0,170.0,
HZC,11/8/2021,16610.0,11/1/2021,CANON,1.0,150.0,
HZC,11/8/2021,16610.0,11/1/2021,CANON,1.0,150.0,
HZC,11/8/2021,16610.0,#20073,RICOH,1.0,365.0,
HZC,11/8/2021,16610.0,11/1/2021,RICOH,1.0,150.0,
HZC,11/8/2021,16610.0,11/1/2021,RICOH,1.0,365.0,
HZC,11/8/2021,16610.0,11/1/2021,RICOH,1.0,365.0,
HZC,11/8/2021,16610.0,11/1/2021,RICOH,1.0,365.0,
HZC,11/8/2021,16610.0,11/1/2021,RICOH,1.0,365.0,
HZC,11/8/2021,16610.0,11/1/2021,RICOH,1.0,365.0,
HZC,11/8/2021,16610.0,11/1/2021,RICOH,1.0,365.0,
HZC,11/8/2021,16610.0,11/1/2021,RICOH,1.0,365.0,
HZC,11/8/2021,16610.0,11/1/2021,RICOH,1.0,365.0,
HZC,11/8/2021,16610.0,11/1/2021,RICOH,1.0,150.0,
HZC,11/8/2021,16610.0,11/1/2021,RICOH,1.0,365.0,
HZC,11/8/2021,16610.0,11/1/2021,RICOH,1.0,365.0,
HZC,11/8/2021,16610.0,11/1/2021,RICOH,1.0,365.0,
HZC,11/8/2021,16610.0,11/1/2021,RICOH,1.0,365.0,
HZC,11/8/2021,16610.0,11/1/2021,RICOH,1.0,365.0,
HZC,11/8/2021,16610.0,11/1/2021,RICOH,1.0,365.0,
HZC,11/8/2021,16610.0,11/1/2021,RICOH,1.0,365.0,
HZC,11/8/2021,16610.0,11/1/2021,RICOH,1.0,365.0,
HZC,11/8/2021,16610.0,11/1/2021,RICOH,1.0,365.0,
HZC,11/8/2021,16610.0,11/1/2021,RICOH,1.0,365.0,
HZC,11/8/2021,16610.0,11/1/2021,CANON,1.0,50.0,
HZC,11/8/2021,16610.0,11/1/2021,XEROX,1.0,125.0,
HZC,11/8/2021,16610.0,11/1/2021,XEROX,1.0,150.0,
HZC,11/8/2021,16610.0,11/1/2021,RICOH,1.0,150.0,
HZC,11/8/2021,16610.0,11/1/2021,RICOH,1.0,365.0,
HZC,11/8/2021,16610.0,11/1/2021,CANON,1.0,50.0,
HZC,11/8/2021,16610.0,11/1/2021,RICOH,1.0,365.0,
HZC,11/8/2021,16610.0,11/1/2021,RICOH,1.0,365.0,
HZC,11/8/2021,16610.0,11/1/2021,KYOCERA,1.0,325.0,
HZC,11/8/2021,16610.0,11/1/2021,XEROX,1.0,150.0,
HZC,11/8/2021,16610.0,11/1/2021,CANON,1.0,150.0,
HZC,11/8/2021,16610.0,11/1/2021,RICOH,1.0,150.0,
HZC,11/8/2021,16610.0,11/1/2021,RICOH,1.0,365.0,
HZC,11/8/2021,16610.0,11/1/2021,RICOH,1.0,150.0,
HZC,11/8/2021,16610.0,11/1/2021,RICOH,1.0,365.0,
HZC,11/8/2021,16610.0,11/1/2021,RICOH,1.0,365.0,
HZC,11/8/2021,16610.0,11/1/2021,RICOH,1.0,365.0,
HZC,11/8/2021,16610.0,11/1/2021,RICOH,1.0,365.0,
HZC,11/8/2021,16610.0,11/1/2021,RICOH,1.0,365.0,
HZC,11/8/2021,16610.0,11/1/2021,RICOH,1.0,150.0,
HZC,11/8/2021,16610.0,11/1/2021,RICOH,1.0,150.0,
HZC,11/8/2021,16610.0,11/1/2021,RICOH,1.0,150.0,
HZC,11/8/2021,16610.0,2 ROLLS INTERNAL FIERY,XEROX,1.0,1600.0,
HZC,11/8/2021,16610.0,11/1/2021,CANON,1.0,200.0,
HZC,11/8/2021,16610.0,11/1/2021,CANON,1.0,50.0,
HZC,11/8/2021,16610.0,11/1/2021,CANON,1.0,50.0,
HZC,11/8/2021,16610.0,11/1/2021,RICOH,1.0,150.0,
HZC,11/8/2021,16610.0,11/1/2021,RICOH,1.0,150.0,
HZC,11/8/2021,16610.0,11/1/2021,CANON,1.0,170.0,
HZC,11/8/2021,16610.0,11/1/2021,CANON,1.0,170.0,
HZC,11/8/2021,16610.0,11/1/2021,CANON,1.0,150.0,
HZC,11/8/2021,16610.0,11/1/2021,XEROX,1.0,150.0,
HZC,11/8/2021,16610.0,11/1/2021,RICOH,1.0,150.0,
HZC,11/8/2021,16610.0,11/1/2021,XEROX,1.0,80.0,
HZC,11/8/2021,16610.0,11/1/2021,RICOH,1.0,150.0,
HZC,11/8/2021,16610.0,11/1/2021,RICOH,1.0,150.0,
HZC,11/8/2021,16610.0,11/1/2021,RICOH,1.0,365.0,
HZC,11/8/2021,16610.0,11/1/2021,CANON,1.0,170.0,
HZC,11/8/2021,16610.0,Remaining balance from Inv #16581,ADJUSTMENT,1.0,125.0,
HZC,11/8/2021,16610.0,LOADING W/IPPC WOOD,LOADING,1.0,1600.0,
HZC,11/8/2021,16610.0,FREIGHT,FREIGHT,1.0,3900.0,
HZC,11/16/2021,16649.0,LOADING W/IPPC WOOD,LOADING,1.0,1600.0,
HZC,11/16/2021,16649.0,FREIGHT (ESTIMATE),FREIGHT,1.0,4025.0,
HZC,11/16/2021,16649.0,FINISHER W/907,TOSHIBA  Inv,1.0,0.0,
HZC,12/21/2021,16691.0,LOADING W/IPPC WOOD,LOADING,1.0,1600.0,
HZC,12/21/2021,16691.0,FREIGHT,FREIGHT,1.0,3965.0,
HZC,12/21/2021,16691.0,NO TONER,RICOH,1.0,280.0,
HZC,12/21/2021,16691.0,12/13/2021,RICOH,1.0,390.0,
HZC,12/21/2021,16691.0,12/13/2021,RICOH,1.0,390.0,
HZC,12/21/2021,16700.0,FINISHER W/21009,SHARP,1.0,0.0,
HZC,12/21/2021,16700.0,OTHER W/21009,SHARP,1.0,0.0,
HZC,12/21/2021,16700.0,LOADING W/IPPC WOOD,LOADING,1.0,1600.0,
HZC,12/21/2021,16700.0,FREIGHT,FREIGHT,1.0,3965.0,
HZC,12/21/2021,16700.0,W/20015,CANON,1.0,0.0,
HZC,12/21/2021,16700.0,W/21305,CANON,1.0,0.0,
HZC,12/21/2021,16700.0,LCT W/21008,XEROX,1.0,0.0,
HZC,12/21/2021,16700.0,,XEROX,1.0,155.0,
HZC,12/21/2021,16700.0,,XEROX,1.0,180.0,
HZC,12/21/2021,16700.0,1 ROLL W/FIERY INTERNAL SCANNER,XEROX,1.0,1000.0,
HZC,12/21/2021,16700.0,FIERY W/6204,XEROX,1.0,0.0,
HZC,12/21/2021,16700.0,,XEROX,1.0,180.0,
HZC,12/21/2021,16700.0,,RICOH,1.0,160.0,
HZC,12/21/2021,16700.0,,RICOH,1.0,310.0,
HZC,12/21/2021,16700.0,2 ROLLS W/FIERY INTERNAL SCANNER,XEROX,1.0,1200.0,
HZC,12/21/2021,16700.0,FIERY W/6204,XEROX,1.0,0.0,
HZC,12/21/2021,16700.0,,KONICA MINOLTA,1.0,80.0,
HZC,12/21/2021,16700.0,#20887,RICOH,1.0,310.0,
HZC,12/21/2021,16700.0,,RICOH,1.0,150.0,
HZC,12/21/2021,16700.0,,RICOH,1.0,160.0,
HZC,12/21/2021,16700.0,,RICOH,1.0,160.0,
HZC,12/21/2021,16700.0,NO TONER,RICOH,1.0,390.0,
HZC,12/21/2021,16700.0,,RICOH,1.0,160.0,
HZC,12/21/2021,16700.0,,XEROX,1.0,155.0,
HZC,12/21/2021,16700.0,,RICOH,1.0,160.0,
HZC,12/21/2021,16700.0,S/N 330106402 2 ROLLS,OCE,1.0,2200.0,
HZC,12/21/2021,16700.0,,KYOCERA,1.0,200.0,
HZC,12/21/2021,16700.0,,RICOH,1.0,310.0,
HZC,12/21/2021,16700.0,2 ROLLS/INTERNAL FIERY INTERNAL SCANNER,XEROX,1.0,1400.0,
HZC,12/21/2021,16700.0,,KYOCERA,1.0,200.0,
HZC,12/21/2021,16700.0,,KYOCERA,1.0,200.0,
HZC,12/21/2021,16700.0,,KYOCERA,1.0,200.0,
HZC,12/21/2021,16700.0,,KYOCERA,1.0,200.0,
HZC,12/21/2021,16700.0,,KYOCERA,1.0,200.0,
HZC,12/21/2021,16700.0,,KONICA MINOLTA,1.0,800.0,
HZC,12/29/2021,16717.0,LOADING W/IPPC WOOD,LOADING,1.0,1600.0,
HZC,12/29/2021,16717.0,FREIGHT,FREIGHT,1.0,3950.0,
HZC,12/29/2021,16717.0,,KONICA MINOLTA,1.0,450.0,
HZC,12/29/2021,16717.0,0,LANIER,1.0,180.0,
HZC,12/29/2021,16717.0,,KONICA MINOLTA,1.0,675.0,
HZC,12/29/2021,16717.0,,KONICA MINOLTA,1.0,925.0,
HZC,12/29/2021,16717.0,,KONICA MINOLTA,1.0,675.0,
HZC,12/29/2021,16717.0,,KONICA MINOLTA,1.0,675.0,
HZC,12/29/2021,16717.0,,SAVIN  Inv,1.0,280.0,
HZC,12/29/2021,16717.0,,SAVIN  Inv,1.0,280.0,
HZC,12/29/2021,16717.0,,SAVIN  Inv,1.0,280.0,
HZC,12/29/2021,16717.0,,XEROX,1.0,225.0,
HZC,12/29/2021,16717.0,,SHARP,1.0,50.0,
HZC,12/29/2021,16717.0,,XEROX,1.0,225.0,
HZC,12/29/2021,16717.0,,XEROX,1.0,225.0,
HZC,12/29/2021,16717.0,,XEROX,1.0,225.0,
HZC,1/18/2022,16738.0,1/6/2022,SHARP,1.0,50.0,
HZC,1/18/2022,16738.0,1/6/2022,RICOH,1.0,160.0,
HZC,1/18/2022,16738.0,1/6/2022,RICOH,1.0,325.0,
HZC,1/18/2022,16738.0,1/6/2022,RICOH,1.0,405.0,
HZC,1/18/2022,16738.0,1/6/2022,RICOH,1.0,160.0,
HZC,1/18/2022,16738.0,1/6/2022,RICOH,1.0,425.0,
HZC,1/18/2022,16738.0,1/6/2022,RICOH,1.0,180.0,
HZC,1/18/2022,16738.0,1/6/2022,RICOH,1.0,405.0,
HZC,1/18/2022,16738.0,1/6/2022,RICOH,1.0,405.0,
HZC,1/18/2022,16738.0,1/6/2022,RICOH,1.0,160.0,
HZC,1/18/2022,16738.0,LOADING W/IPPC WOOD,LOADING,1.0,1600.0,
HZC,1/18/2022,16738.0,FREIGHT (ACTUAL),FREIGHT,1.0,4130.0,
HZC,1/18/2022,16738.0,1/6/2022,RICOH,1.0,255.0,
HZC,2/16/2022,16786.0,LOADING W/IPPC WOOD,LOADING,1.0,1600.0,
HZC,2/16/2022,16786.0,FREIGHT,FREIGHT,1.0,3900.0,
HZC,2/16/2022,16786.0,2/2/2022,RICOH,1.0,580.0,
HZC,2/16/2022,16786.0,2/2/2022,RICOH,1.0,175.0,
HZC,2/16/2022,16786.0,2/2/2022,RICOH,1.0,175.0,
HZC,2/16/2022,16786.0,2/2/2022,RICOH,1.0,425.0,
HZC,2/16/2022,16786.0,2/2/2022,RICOH,1.0,580.0,
HZC,2/16/2022,16786.0,2/2/2022,RICOH,1.0,425.0,
HZC,3/17/2022,16867.0,,SHARP,1.0,460.0,
HZC,3/17/2022,16867.0,,SHARP,1.0,460.0,
HZC,3/17/2022,16867.0,,SHARP,1.0,460.0,
HZC,3/17/2022,16867.0,,SHARP,1.0,460.0,
HZC,3/17/2022,16867.0,,SHARP,1.0,460.0,
HZC,3/17/2022,16867.0,,SHARP,1.0,460.0,
HZC,3/17/2022,16867.0,,SHARP,1.0,460.0,
HZC,3/17/2022,16867.0,,SHARP,1.0,460.0,
HZC,3/17/2022,16867.0,,SHARP,1.0,460.0,
HZC,3/17/2022,16867.0,W/FIN,SHARP,1.0,550.0,
HZC,3/17/2022,16867.0,FINISHER W/MXM623,SHARP,1.0,0.0,
HZC,3/17/2022,16867.0,,SHARP,1.0,630.0,
HZC,3/17/2022,16867.0,,SHARP,1.0,355.0,
HZC,3/17/2022,16867.0,,SHARP,1.0,630.0,
HZC,3/17/2022,16867.0,,SHARP,1.0,525.0,
HZC,3/17/2022,16867.0,,SHARP,1.0,525.0,
HZC,3/17/2022,16867.0,W/FIN,SHARP,1.0,1025.0,
HZC,3/17/2022,16867.0,FINISHER W/MXM754,SHARP,1.0,0.0,
HZC,3/17/2022,16867.0,W/FIN,SHARP,1.0,1025.0,
HZC,3/17/2022,16867.0,FINISHER W/MXM754,SHARP,1.0,0.0,
HZC,3/17/2022,16867.0,W/FIN,SHARP,1.0,1025.0,
HZC,3/17/2022,16867.0,FINISHER W/MXM754,SHARP,1.0,0.0,
HZC,3/17/2022,16867.0,W/FIN,SHARP,1.0,1025.0,
HZC,3/17/2022,16867.0,FINISHER W/MXM754,SHARP,1.0,0.0,
HZC,3/17/2022,16867.0,,SHARP,1.0,525.0,
HZC,3/17/2022,16867.0,,SHARP,1.0,525.0,
HZC,3/17/2022,16867.0,,SHARP,1.0,525.0,
HZC,3/17/2022,16867.0,,SHARP,1.0,525.0,
HZC,3/17/2022,16867.0,,SHARP,1.0,355.0,
HZC,3/17/2022,16867.0,,SHARP,1.0,355.0,
HZC,3/17/2022,16867.0,,TOSHIBA  Inv,1.0,385.0,
HZC,3/17/2022,16867.0,W/FIN,SHARP,1.0,1025.0,
HZC,3/17/2022,16867.0,FINISHER W/MXM754,SHARP,1.0,0.0,
HZC,3/17/2022,16867.0,W/FIN,SHARP,1.0,1025.0,
HZC,3/17/2022,16867.0,FINISHER W/MXM754,SHARP,1.0,0.0,
HZC,3/17/2022,16867.0,,XEROX,1.0,40.0,
HZC,3/17/2022,16867.0,,TOSHIBA  Inv,1.0,385.0,
HZC,3/17/2022,16867.0,12183,TOSHIBA  Inv,1.0,385.0,
HZC,3/17/2022,16867.0,,SHARP,1.0,460.0,
HZC,3/17/2022,16867.0,,SHARP,1.0,460.0,
HZC,3/17/2022,16867.0,,SHARP,1.0,460.0,
HZC,3/17/2022,16867.0,,SHARP,1.0,320.0,
HZC,3/17/2022,16867.0,,SHARP,1.0,320.0,
HZC,3/17/2022,16867.0,,SHARP,1.0,320.0,
HZC,3/17/2022,16867.0,W/FIN,SHARP,1.0,1025.0,
HZC,3/17/2022,16867.0,FINISHER W/MXM754,SHARP,1.0,0.0,
HZC,3/17/2022,16867.0,,SHARP,1.0,460.0,
HZC,3/17/2022,16867.0,,SHARP,1.0,460.0,
HZC,3/17/2022,16867.0,,SHARP,1.0,460.0,
HZC,3/17/2022,16867.0,,SHARP,1.0,630.0,
HZC,3/17/2022,16867.0,W/FIN,SHARP,1.0,1025.0,
HZC,3/17/2022,16867.0,FINISHER W/MXM754,SHARP,1.0,0.0,
HZC,3/17/2022,16867.0,,SHARP,1.0,355.0,
HZC,3/17/2022,16867.0,,SHARP,1.0,630.0,
HZC,3/17/2022,16867.0,,SHARP,1.0,355.0,
HZC,3/17/2022,16867.0,,SHARP,1.0,630.0,
HZC,3/17/2022,16867.0,W/FIN,SHARP,1.0,1025.0,
HZC,3/17/2022,16867.0,FINISHER W/MXM754,SHARP,1.0,0.0,
HZC,3/17/2022,16867.0,,SHARP,1.0,460.0,
HZC,3/17/2022,16867.0,,XEROX,1.0,40.0,
HZC,3/17/2022,16867.0,,XEROX,1.0,40.0,
HZC,3/17/2022,16867.0,,XEROX,1.0,40.0,
HZC,3/17/2022,16867.0,,SHARP,1.0,355.0,
HZC,3/17/2022,16867.0,,SHARP,1.0,355.0,
HZC,3/17/2022,16867.0,W/FIN,SHARP,1.0,1025.0,
HZC,3/17/2022,16867.0,FINISHER W/MXM754,SHARP,1.0,0.0,
HZC,3/17/2022,16867.0,W/FIN,SHARP,1.0,1025.0,
HZC,3/17/2022,16867.0,FINISHER W/MXM754,SHARP,1.0,0.0,
HZC,3/17/2022,16867.0,W/FIN,SHARP,1.0,1025.0,
HZC,3/17/2022,16867.0,FINISHER W/MXM754,SHARP,1.0,0.0,
HZC,3/17/2022,16867.0,W/FIN,SHARP,1.0,1025.0,
HZC,3/17/2022,16867.0,FINISHER W/MXM754,SHARP,1.0,0.0,
HZC,3/17/2022,16867.0,W/FIN,SHARP,1.0,1025.0,
HZC,3/17/2022,16867.0,FINISHER W/MXM754,SHARP,1.0,0.0,
HZC,3/17/2022,16867.0,,SHARP,1.0,355.0,
HZC,3/17/2022,16867.0,,SHARP,1.0,320.0,
HZC,3/17/2022,16867.0,,SHARP,1.0,355.0,
HZC,3/17/2022,16867.0,,SHARP,1.0,630.0,
HZC,3/17/2022,16867.0,,SHARP,1.0,320.0,
HZC,3/17/2022,16867.0,,SHARP,1.0,630.0,
HZC,3/17/2022,16867.0,,SHARP,1.0,355.0,
HZC,3/17/2022,16867.0,,SHARP,1.0,360.0,
HZC,3/17/2022,16867.0,FINISHERS (PACKING),XEROX,5.0,0.0,
HZC,3/17/2022,16867.0,LOADING W/IPPC WOOD,LOADING,1.0,1600.0,
HZC,3/17/2022,16867.0,FREIGHT (ACTUAL),FREIGHT,1.0,4425.0,
HZC,5/13/2022,16925.0,LOADING WI/IPPC WOOD,LOADING,1.0,1600.0,
HZC,5/13/2022,16925.0,FREIGHT,FREIGHT,1.0,4475.0,
HZC,5/13/2022,16925.0,4/26/2022,XEROX,1.0,250.0,
HZC,5/13/2022,16925.0,4/26/2022,SAVIN  Inv,1.0,475.0,
HZC,5/13/2022,16925.0,4/26/2022,XEROX,1.0,250.0,
HZC,5/13/2022,16925.0,4/26/2022,XEROX,1.0,250.0,
HZC,5/13/2022,16925.0,4/26/2022,XEROX,1.0,250.0,
HZC,5/13/2022,16925.0,4/26/2022,XEROX,1.0,250.0,
HZC,5/13/2022,16925.0,2 ROLLS,KIP,1.0,800.0,
HZC,5/13/2022,16925.0,4/26/2022,SAVIN  Inv,1.0,475.0,
HZC,8/12/2022,17048.0,LOADING W/IPPC WOOD,LOADING,1.0,1600.0,
HZC,8/12/2022,17048.0,FREIGHT,FREIGHT,1.0,4100.0,
HZC,8/12/2022,17048.0,8/3/2022,SAVIN  Inv,1.0,185.0,
HZC,8/12/2022,17048.0,8/3/2022,RICOH,1.0,185.0,
HZC,8/12/2022,17048.0,8/3/2022,TOSHIBA  Inv,1.0,315.0,
HZC,8/12/2022,17048.0,24701,SHARP,1.0,300.0,
HZC,8/12/2022,17048.0,8/3/2022,XEROX,1.0,200.0,
HZC,8/12/2022,17048.0,8/3/2022,KONICA MINOLTA,1.0,400.0,
HZC,8/12/2022,17048.0,8/3/2022,SHARP,1.0,400.0,
HZC,8/19/2022,17060.0,LOADING W/IPPC WOOD,LOADING,1.0,1600.0,
HZC,8/19/2022,17060.0,FREIGHT (ESTIMATE),FREIGHT,1.0,4100.0,
HZC,8/19/2022,17060.0,2 ROLLS,KIP,1.0,3100.0,
HZC,8/19/2022,17060.0,2 ROLLS,KIP,1.0,3100.0,
HZC,8/19/2022,17060.0,8/15/2022,RICOH,1.0,430.0,
HZC,8/19/2022,17060.0,8/15/2022,RICOH,1.0,185.0,
HZC,8/19/2022,17060.0,2 ROLLS,KIP,1.0,2100.0,
HZC,8/19/2022,17060.0,8/15/2022,SAVIN  Inv,1.0,610.0,
HZC,8/19/2022,17060.0,8/15/2022,RICOH,1.0,610.0,
HZC,8/19/2022,17060.0,8/15/2022,SAVIN  Inv,1.0,610.0,
HZC,8/19/2022,17060.0,8/15/2022,RICOH,1.0,200.0,
HZC,8/19/2022,17060.0,8/15/2022,RICOH,1.0,610.0,
HZC,8/19/2022,17060.0,8/15/2022,SAVIN  Inv,1.0,610.0,
HZC,8/19/2022,17060.0,8/15/2022,SAVIN  Inv,1.0,480.0,
HZC,8/19/2022,17060.0,8/15/2022,SAVIN  Inv,1.0,610.0,
HZC,8/19/2022,17060.0,8/15/2022,KONICA MINOLTA,1.0,400.0,
HZC,8/19/2022,17060.0,8/15/2022,KONICA MINOLTA,1.0,400.0,
HZC,8/19/2022,17060.0,8/15/2022,SAVIN  Inv,1.0,610.0,
HZC,8/19/2022,17060.0,8/15/2022,SAVIN  Inv,1.0,610.0,
HZC,9/15/2022,17127.0,LOADING W/IPPC WOOD,LOADING,1.0,1600.0,
HZC,9/15/2022,17127.0,FREIGHT,FREIGHT,1.0,4100.0,
HZC,9/15/2022,17127.0,,SHARP,1.0,250.0,
HZC,9/15/2022,17127.0,,SHARP,1.0,300.0,
HZC,9/15/2022,17127.0,,SHARP,1.0,450.0,
HZC,9/15/2022,17127.0,,SHARP,1.0,300.0,
HZC,9/15/2022,17127.0,,KONICA MINOLTA,1.0,700.0,
HZC,10/18/2022,17162.0,LOADING W/IPPC WOOD,LOADING,1.0,1600.0,
HZC,10/18/2022,17162.0,FREIGHT (ESTIMATE),FREIGHT,1.0,4100.0,
HZC,10/18/2022,17162.0,10/13/2022,RICOH,1.0,200.0,
HZC,10/18/2022,17162.0,10/13/2022,KYOCERA,1.0,50.0,
HZC,10/18/2022,17162.0,10/13/2022,RICOH,1.0,390.0,
HZC,10/18/2022,17162.0,10/13/2022,RICOH,1.0,390.0,
HZC,10/18/2022,17162.0,10/13/2022,RICOH,1.0,450.0,
HZC,10/18/2022,17162.0,10/13/2022,SHARP,1.0,425.0,
HZC,10/18/2022,17162.0,10/13/2022,CANON,1.0,65.0,
HZC,10/18/2022,17162.0,27812,RICOH,1.0,210.0,
HZC,10/18/2022,17162.0,10/13/2022,RICOH,1.0,210.0,
HZC,10/18/2022,17162.0,10/13/2022,RICOH,1.0,200.0,
HZC,10/18/2022,17162.0,10/13/2022,CANON,1.0,650.0,
HZC,10/18/2022,17162.0,C7FE67775,TOSHIBA,1.0,80.0,
HZC,10/18/2022,17162.0,10/13/2022,RICOH,1.0,210.0,
HZC,10/18/2022,17162.0,10/13/2022,KONICA MINOLTA,1.0,680.0,
HZC,1/16/2023,17267.0,LOADING W/IPPC WOOD,LOADING,1.0,1600.0,
HZC,1/16/2023,17267.0,FREIGHT,FREIGHT,1.0,4100.0,
HZC,1/16/2023,17267.0,FINISHER W/30497,CANON,1.0,0.0,
HZC,2/17/2023,17301.0,LOADING W/IPPC WOOD,LOADING,1.0,1600.0,
HZC,2/17/2023,17301.0,FREIGHT,FREIGHT,1.0,4100.0,
HZC,2/17/2023,17301.0,2/8/2023,KONICA MINOLTA,1.0,430.0,
HZC,2/17/2023,17301.0,2/8/2023,CANON,1.0,230.0,
HZC,2/17/2023,17301.0,2/8/2023,CANON,1.0,230.0,
HZC,2/17/2023,17301.0,2/8/2023,XEROX,1.0,125.0,
HZC,2/17/2023,17301.0,2/8/2023,XEROX,1.0,175.0,
HZC,2/17/2023,17301.0,TAG 31408,XEROX,1.0,160.0,
HZC,2/17/2023,17301.0,2/8/2023,SHARP,1.0,325.0,
HZC,2/17/2023,17301.0,FINISHER,RICOH,1.0,0.0,
HZC,2/17/2023,17301.0,FINISHER,RICOH,1.0,0.0,
HZC,2/17/2023,17301.0,FINISHER,RICOH,1.0,0.0,
HZC,2/17/2023,17301.0,FINISHER,RICOH,1.0,0.0,
HZC,2/17/2023,17301.0,FINISHER,RICOH,1.0,0.0,
HZC,2/17/2023,17301.0,FINISHER,RICOH,1.0,0.0,
HZC,2/17/2023,17301.0,FINISHER,RICOH,1.0,0.0,
HZC,2/17/2023,17301.0,2/8/2023,CANON,1.0,260.0,
HZC,3/27/2023,17360.0,LOADING W/IPPC WOOD,LOADING,1.0,1600.0,
HZC,3/27/2023,17360.0,FREIGHT,FREIGHT,1.0,4100.0,
HZC,3/27/2023,17360.0,3/20/2023,SHARP,1.0,275.0,
HZC,3/27/2023,17360.0,3/20/2023,CANON,1.0,280.0,
HZC,3/27/2023,17360.0,3/20/2023,CANON,1.0,215.0,
HZC,3/27/2023,17360.0,3/20/2023,KONICA MINOLTA,1.0,560.0,
HZC,3/27/2023,17360.0,3/20/2023,SHARP,1.0,170.0,
HZC,3/27/2023,17360.0,3/20/2023,CANON,1.0,215.0,
HZC,3/27/2023,17360.0,3/20/2023,SHARP,1.0,170.0,
HZC,3/27/2023,17360.0,3/20/2023,SHARP,1.0,260.0,
HZC,3/27/2023,17360.0,3/20/2023,XEROX,1.0,75.0,
HZC,6/26/2023,17504.0,JULY2011 tag#35328,SHARP,1.0,150.0,
HZC,6/26/2023,17504.0,APR 2010 TAG#: 35342,SHARP,1.0,150.0,
HZC,6/26/2023,17504.0,SEPT 2013 TAG#: 35340,SHARP,1.0,150.0,
HZC,6/26/2023,17504.0,APR 2010 TAG#: 35333,SHARP,1.0,150.0,
HZC,6/26/2023,17504.0,TAG#: 35323,XEROX,1.0,65.0,
HZC,6/26/2023,17504.0,TAG#: 35353,RICOH,1.0,190.0,
HZC,6/26/2023,17504.0,TAG# 35352,RICOH,1.0,190.0,
HZC,6/26/2023,17504.0,TAG#: 35351,RICOH,1.0,190.0,
HZC,6/26/2023,17504.0,APR 2010 TAG#: 35327,SHARP,1.0,150.0,
HZC,6/26/2023,17504.0,,RICOH,1.0,190.0,
HZC,6/26/2023,17504.0,TAG#: 35318,RICOH,1.0,190.0,
HZC,6/26/2023,17504.0,,RICOH,1.0,190.0,
HZC,6/26/2023,17504.0,TAG#:34057,RICOH,1.0,190.0,
HZC,6/26/2023,17504.0,TAG#: 35320,RICOH,1.0,190.0,
HZC,6/26/2023,17504.0,,RICOH,1.0,190.0,
HZC,6/26/2023,17504.0,LOADING W IPPC WOOD,LOADING,1.0,1600.0,
HZC,6/26/2023,17504.0,FREIGHT,FREIGHT,1.0,3900.0,
HZC,6/30/2023,17505.0,6/26/2023,KONICA MINOLTA,1.0,135.0,
HZC,6/30/2023,17505.0,6/26/2023,SHARP,1.0,170.0,
HZC,6/30/2023,17505.0,6/26/2023,XEROX,1.0,110.0,
HZC,6/30/2023,17505.0,6/26/2023,XEROX,2.0,0.0,
HZC,6/30/2023,17505.0,LOADING W/IPPC WOOD,LOADING,1.0,1600.0,
HZC,6/30/2023,17505.0,FREIGHT (ESTIMATE),FREIGHT,1.0,3800.0,
HZC,8/1/2023,17559.0,LOADING W/IPPC WOOD,LOADING,1.0,1600.0,
HZC,8/1/2023,17559.0,FREIGHT,FREIGHT,1.0,3750.0,
HZC,8/22/2023,17574.0,LOADING W/IPPC WOOD,LOADING,1.0,1600.0,
HZC,8/22/2023,17574.0,FREIGHT,FREIGHT,1.0,3750.0,
HZC,9/12/2023,17617.0,LOADING W/IPPC WOOD,LOADING,1.0,1600.0,
HZC,9/12/2023,17617.0,FREIGHT,FREIGHT,1.0,3500.0,
HZC,9/12/2023,17617.0,TAG 37188,KONICA MINOLTA,1.0,160.0,
HZC,9/12/2023,17617.0,9/7/2023,TOSHIBA  Inv,1.0,120.0,
HZC,9/12/2023,17617.0,TAG 28994,TOSHIBA  Inv,1.0,120.0,
HZC,9/12/2023,17617.0,TAG 35576,SHARP,1.0,125.0,
HZC,9/12/2023,17617.0,9/7/2023,SHARP,1.0,215.0,
HZC,9/12/2023,17617.0,9/7/2023,RICOH,1.0,125.0,
HZC,9/12/2023,17617.0,9/7/2023,RICOH,1.0,310.0,
HZC,9/12/2023,17617.0,9/7/2023,TOSHIBA  Inv,1.0,120.0,
HZC,9/12/2023,17617.0,TAG 37189,KONICA MINOLTA,1.0,110.0,
HZC,9/12/2023,17617.0,37063,XEROX,1.0,80.0,
HZC,10/19/2023,17662.0,LOADING W/IPPC WOOD,LOADING,1.0,1600.0,
HZC,10/19/2023,17662.0,FREIGHT,FREIGHT,1.0,3718.0,
HZC,10/19/2023,17662.0,"W/EXIT UNIT, VACUUM FEED LCIT RT5120, VACUUM FEED BANNER SHEET TRAY TYPE S9, HIGH CAPACITY STACK...",RICOH,1.0,18000.0,
HZC,10/19/2023,17662.0,TAG 37946,RICOH,1.0,400.0,
HZC,10/20/2023,17672.0,,CANON,1.0,100.0,
HZC,10/20/2023,17672.0,,SHARP,1.0,130.0,
HZC,10/20/2023,17672.0,,RICOH,1.0,200.0,
HZC,10/20/2023,17672.0,,RICOH,1.0,200.0,
HZC,10/20/2023,17672.0,,RICOH,1.0,200.0,
HZC,10/20/2023,17672.0,Oct-16,CANON,1.0,275.0,
HZC,10/20/2023,17672.0,Dec-17,SHARP,1.0,175.0,
HZC,10/20/2023,17672.0,,SHARP,1.0,150.0,
HZC,10/20/2023,17672.0,,SHARP,1.0,170.0,
HZC,10/20/2023,17672.0,,SHARP,1.0,175.0,
HZC,10/20/2023,17672.0,,RICOH,1.0,200.0,
HZC,10/20/2023,17672.0,,RICOH,1.0,200.0,
HZC,10/20/2023,17672.0,Jun-14,KONICA MINOLTA,1.0,100.0,
HZC,10/20/2023,17672.0,Jun-14,KONICA MINOLTA,1.0,100.0,
HZC,10/20/2023,17672.0,LOADING W/IPPC WOOD,LOADING,1.0,1600.0,
HZC,10/20/2023,17672.0,FREIGHT,FREIGHT,1.0,3656.0,
HZC,10/20/2023,17672.0,,SHARP,1.0,175.0,
HZC,11/1/2023,17680.0,LOADING W/IPPC WOOD,LOADING,1.0,1600.0,
HZC,11/1/2023,17680.0,FREIGHT,FREIGHT,1.0,2900.0,
HZC,12/15/2023,17716.0,LOADING,LOADING,1.0,1600.0,
HZC,12/15/2023,17716.0,FREIGHT,FREIGHT,1.0,2900.0,
HZC,12/15/2023,17716.0,FINISHERS,RICOH,12.0,0.0,
HZC,12/19/2023,17732.0,LOADING W/IPPC WOOD,LOADING,1.0,1600.0,
HZC,12/19/2023,17732.0,FREIGHT,FREIGHT,1.0,2900.0,
HZC,12/19/2023,17732.0,FINISHER W/39032,SHARP,1.0,0.0,
HZC,2/29/2024,17788.0,LOADING W/IPPC WOOD,LOADING,1.0,1600.0,
HZC,2/29/2024,17788.0,FREIGHT,FREIGHT,1.0,2950.0,
HZC,3/8/2024,17797.0,LOADING W/IPPC WOOD,LOADING,1.0,1600.0,
HZC,3/8/2024,17797.0,FREIGHT,FREIGHT,1.0,2950.0,
HZC,3/8/2024,17797.0,FINISHER,RICOH,1.0,0.0,
HZC,3/8/2024,17797.0,FINISHER,RICOH,1.0,0.0,
HZC,3/8/2024,17797.0,FINISHER,RICOH,1.0,0.0,
HZC,3/8/2024,17797.0,FINISHER,RICOH,1.0,0.0,
HZC,3/8/2024,17797.0,FINISHER,RICOH,1.0,0.0,
HZC,3/8/2024,17797.0,FINISHER,RICOH,1.0,0.0,
HZC,3/8/2024,17797.0,FINISHER,RICOH,1.0,0.0,
HZC,3/8/2024,17797.0,FINISHER,RICOH,1.0,0.0,
HZC,3/8/2024,17797.0,FINISHER,RICOH,1.0,0.0,
HZC,3/8/2024,17797.0,FINISHER,RICOH,1.0,0.0,
HZC,3/8/2024,17797.0,FINISHER,RICOH,1.0,0.0,
HZC,3/8/2024,17797.0,FINISHER,RICOH,1.0,0.0,
HZC,3/8/2024,17797.0,FINISHER,RICOH,1.0,0.0,
HZC,3/8/2024,17797.0,FINISHER,RICOH,1.0,0.0,
HZC,3/8/2024,17797.0,FINISHER,RICOH,1.0,0.0,
HZC,3/8/2024,17797.0,FINISHER,RICOH,1.0,0.0,
HZC,3/8/2024,17797.0,FINISHER,RICOH,1.0,0.0,
HZC,3/8/2024,17797.0,FINISHER,RICOH,1.0,0.0,
HZC,3/8/2024,17797.0,FINISHER,RICOH,1.0,0.0,
HZC,3/8/2024,17797.0,FINISHER,RICOH,1.0,0.0,
HZC,3/8/2024,17797.0,FINISHER,RICOH,1.0,0.0,
HZC,3/8/2024,17797.0,FINISHER,RICOH,1.0,0.0,
HZC,3/8/2024,17797.0,FINISHER,RICOH,1.0,0.0,
HZC,3/8/2024,17797.0,FINISHER,RICOH,1.0,0.0,
HZC,3/8/2024,17797.0,FINISHER,RICOH,1.0,0.0,
HZC,3/8/2024,17797.0,FINISHER,RICOH,1.0,0.0,
HZC,3/8/2024,17797.0,FINISHER,RICOH,1.0,0.0,
HZC,3/8/2024,17797.0,FINISHER,RICOH,1.0,0.0,
HZC,3/8/2024,17797.0,FINISHER,RICOH,1.0,0.0,
HZC,3/8/2024,17797.0,FINISHER,RICOH,1.0,0.0,
HZC,3/8/2024,17797.0,FINISHER,RICOH,1.0,0.0,
HZC,3/8/2024,17797.0,LCT'S,RICOH,4.0,0.0,
HZC,3/8/2024,17797.0,37962,RICOH,1.0,150.0,
HZC,5/17/2024,17864.0,LOADING W/IPPC WOOD,LOADING,1.0,1600.0,
HZC,5/17/2024,17864.0,FREIGHT (ESTIMATE),FREIGHT,1.0,2950.0,
HZC,5/17/2024,17864.0,ADF DUP PRINT SCAN,RICOH,1.0,270.0,
HZC,6/11/2024,17891.0,LOADING W/IPPC WOOD,LOADING,1.0,1600.0,
HZC,6/11/2024,17891.0,FREIGHT (ESTIMATE),FREIGHT,1.0,2900.0,
HZC,6/11/2024,17891.0,W/SR5050,RICOH,1.0,2400.0,
HZC,6/11/2024,17891.0,W/SR5050,RICOH,1.0,1600.0,
HZC,6/11/2024,17891.0,W/SR5050,RICOH,1.0,2300.0,
HZC,6/11/2024,17891.0,W/SR5050,RICOH,1.0,1600.0,
HZC,6/11/2024,17891.0,FINISHER W/IRC5750i,CANON,1.0,0.0,
HZC,6/11/2024,17891.0,FINISHER W/PROC5200s,RICOH,1.0,0.0,
HZC,6/11/2024,17891.0,FINISHER W/MP9003,RICOH,1.0,0.0,
HZC,6/11/2024,17891.0,FINISHER W/MX6580,SHARP,1.0,0.0,
HZC,6/11/2024,17891.0,FINISHER W/MX7580,SHARP,1.0,0.0,
HZC,6/11/2024,17891.0,FINISHER W/PRO8220,RICOH,1.0,0.0,
HZC,6/11/2024,17891.0,FINISHER W/PRO8220,RICOH,1.0,0.0,
HZC,6/11/2024,17891.0,FINISHER W/PRO8220,RICOH,1.0,0.0,
HZC,6/11/2024,17891.0,FINISHER W/PRO8220,RICOH,1.0,0.0,
HZC,6/18/2024,17902.0,FINISHERS W/MP7503,RICOH,8.0,0.0,
HZC,6/18/2024,17902.0,FINISHERS  for MXM 1204,SHARP,15.0,0.0,
HZC,6/18/2024,17902.0,LOADING W/IPPC WOOD,LOADING,1.0,1600.0,
HZC,6/18/2024,17902.0,FREIGHT,FREIGHT,1.0,2900.0,
HZC,7/12/2024,17919.0,LOADING W/IPPC WOOD,LOADING,1.0,1600.0,
HZC,7/12/2024,17919.0,FREIGHT (ESTIMATE),FREIGHT,1.0,2900.0,
INK Addict LTD,10/25/2021,16603.0,"71-664, 19-663",XEROX,1.0,8600.0,
INK Addict LTD,10/25/2021,16603.0,,XEROX,15.0,210.0,
INK Addict LTD,10/25/2021,16603.0,SHIPPING,SHIPPING,1.0,500.0,
INK Addict LTD,2/10/2022,16806.0,17 SETS OF XEROX TONER,PACKAGE  Inv,1.0,5000.0,
INK Addict LTD,10/17/2023,17659.0,CRATING,LOADING,1.0,500.0,
"Innovative Copier Service, Inc.",10/27/2020,16038.0,moe shipping,FREIGHT,1.0,175.0,
Integrated Imaging Systems,8/1/2023,17564.0,STI CRST,FREIGHT,1.0,828.39,
INTERCHANGE BUSINESS  SOLUTIONS CORP,11/17/2022,17207.0,,RICOH,1.0,100.0,
INTERCHANGE BUSINESS  SOLUTIONS CORP,12/7/2022,17219.0,,RICOH,1.0,100.0,
"Interface Printers, LLC",6/21/2023,17498.0,3% credit card fee,Credit Card Fee,1.0,120.0,
ITEM INC.,10/20/2020,15940.0,9/21/2020,XEROX,1.0,50.0,
ITEM INC.,10/20/2020,15940.0,9/21/2020,XEROX,1.0,25.0,
ITEM INC.,10/20/2020,15940.0,9/21/2020,XEROX,1.0,50.0,
ITEM INC.,10/20/2020,15940.0,9/21/2020,XEROX,1.0,25.0,
ITEM INC.,10/20/2020,15940.0,9/21/2020,XEROX,1.0,25.0,
ITEM INC.,10/20/2020,15940.0,TAG 5741,XEROX,1.0,25.0,
ITEM INC.,10/20/2020,15940.0,9/21/2020,XEROX,1.0,50.0,
ITEM INC.,10/20/2020,15940.0,9/21/2020,XEROX,1.0,50.0,
ITEM INC.,10/20/2020,15940.0,9/21/2020,XEROX,1.0,50.0,
ITEM INC.,10/20/2020,15940.0,9/21/2020,XEROX,1.0,25.0,
JAINAM INTERNATIONAL,4/18/2024,17833.0,"W/PF710, FS532, FU510",KONICA MINOLTA,1.0,2000.0,
JAINAM INTERNATIONAL,4/18/2024,17833.0,"W/PF710, FS532, FU510",KONICA MINOLTA,1.0,2000.0,
JAINAM INTERNATIONAL,4/18/2024,17833.0,"W/PF710, FS532, FU510",KONICA MINOLTA,1.0,2000.0,
JAINAM INTERNATIONAL,4/18/2024,17833.0,"W/PF710, FS532, FU510",KONICA MINOLTA,1.0,2000.0,
JAINAM INTERNATIONAL,4/19/2024,17836.0,NV,KONICA MINOLTA,1.0,2100.0,
JAINAM INTERNATIONAL,4/19/2024,17836.0,NV,KONICA MINOLTA,1.0,2100.0,
JAINAM INTERNATIONAL,4/19/2024,17836.0,NV,KONICA MINOLTA,1.0,2100.0,
JAINAM INTERNATIONAL,4/19/2024,17836.0,NV,KONICA MINOLTA,1.0,2100.0,
JAINAM INTERNATIONAL,4/19/2024,17836.0,NV,KONICA MINOLTA,1.0,2100.0,
JAINAM INTERNATIONAL,4/19/2024,17836.0,NV,KONICA MINOLTA,1.0,2100.0,
JAINAM INTERNATIONAL,4/19/2024,17837.0,IN,KONICA MINOLTA,1.0,2000.0,
JAINAM INTERNATIONAL,4/19/2024,17837.0,IN,KONICA MINOLTA,1.0,2000.0,
JAINAM INTERNATIONAL,4/19/2024,17837.0,IN,KONICA MINOLTA,1.0,2000.0,
JAINAM INTERNATIONAL,4/19/2024,17837.0,IN,KONICA MINOLTA,1.0,2000.0,
JAINAM INTERNATIONAL,4/19/2024,17837.0,IN,KONICA MINOLTA,1.0,2000.0,
JAINAM INTERNATIONAL,5/13/2024,17863.0,AS PER ATTACHED,KONICA MINOLTA,0.0,100.0,
JAINAM INTERNATIONAL,5/28/2024,17880.0,AS PER ATTACHED,KONICA MINOLTA,0.0,100.0,
JAS,6/30/2021,16408.0,XM316,RICOH,1.0,100.0,
JAS,6/30/2021,16408.0,XC2199,RICOH,1.0,50.0,
JAS,6/30/2021,16408.0,X2753,RICOH,1.0,100.0,
JAS,6/30/2021,16408.0,XL263,RICOH,1.0,100.0,
JAS,6/30/2021,16408.0,FIERY (PREV. TAKEN),RICOH,1.0,250.0,
JAS,6/30/2021,16408.0,,RICOH,1.0,150.0,
JAS,6/30/2021,16408.0,E215MC60402,SAVIN,1.0,150.0,
JAS,6/30/2021,16408.0,,RICOH,1.0,200.0,
JAS,6/30/2021,16408.0,E205MC61034,SAVIN,1.0,150.0,
JAS,7/6/2021,16420.0,FINISHER,RICOH,1.0,0.0,
JAS,7/6/2021,16420.0,FINISHER,RICOH,1.0,0.0,
JAS,7/6/2021,16420.0,,RICOH,1.0,150.0,
JAS,7/20/2021,16437.0,VOID:,RICOH,0.0,0.0,
JAS,7/20/2021,16437.0,VOID:,RICOH,0.0,0.0,
JAS,7/20/2021,16437.0,VOID:,RICOH,0.0,0.0,
JAS,7/20/2021,16437.0,VOID:,RICOH,0.0,300.0,
JAS,7/20/2021,16437.0,VOID:,RICOH,0.0,325.0,
JAS,7/20/2021,16437.0,VOID:,RICOH,0.0,350.0,
JAS,7/20/2021,16437.0,VOID:,RICOH,0.0,350.0,
JAS,7/20/2021,16437.0,VOID:,RICOH,0.0,350.0,
JAS,7/20/2021,16437.0,VOID:,RICOH,0.0,50.0,
JAS,7/27/2021,16452.0,S/N G756R610652,SAVIN,0.0,300.0,
JAS,7/27/2021,16452.0,S/N G756R510466,SAVIN,0.0,300.0,
JAS,7/27/2021,16452.0,S/N E215MC60717,SAVIN,0.0,150.0,
JAS,7/27/2021,16452.0,S/N E214R500504,SAVIN,0.0,150.0,
JAS,8/3/2021,16458.0,S/N E215MC60717,SAVIN,1.0,150.0,
JAS,8/3/2021,16458.0,S/N E214R500504,SAVIN,1.0,150.0,
JAS,8/3/2021,16458.0,,RICOH,1.0,50.0,
JAS,8/3/2021,16458.0,TONER,CREDIT,15.0,-100.0,
JAS,8/3/2021,16458.0,FINISHER W/16796,RICOH,1.0,0.0,
JAS,8/3/2021,16458.0,LCT W/16796,RICOH,1.0,0.0,
JAS,8/3/2021,16458.0,SETS OF TONER,RICOH,13.0,0.0,
JAS,8/3/2021,16458.0,,RICOH,1.0,150.0,
JAS,8/3/2021,16458.0,,RICOH,1.0,150.0,
JAS,8/3/2021,16458.0,,RICOH,1.0,325.0,
JAS,8/3/2021,16458.0,,RICOH,1.0,325.0,
JAS,8/3/2021,16458.0,,RICOH,1.0,325.0,
JAS,9/9/2021,16520.0,COLOR CONTROLLER E85  PROC9200 ENTRANCE UNIT  VACUUM FEED LCIT RT5120  VACUUM FEED BANNER SHEET ...,RICOH,1.0,31000.0,
JAS,9/9/2021,16521.0,PACKAGE AS PER ATTACHMENT,PACKAGE,1.0,13500.0,
JAS,11/12/2021,16601.0,"HEIDELBERG LINOPRINT   W/RT5100 LCT, E43A FIERY, SR5050 FINISHER",RICOH,1.0,3565.0,
JAS,11/12/2021,16601.0,10/22/2021,RICOH,1.0,200.0,
JAS,11/12/2021,16601.0,10/22/2021,RICOH,1.0,100.0,
JAS,11/12/2021,16601.0,10/22/2021,RICOH,1.0,100.0,
JAS,11/12/2021,16601.0,10/22/2021,RICOH,1.0,0.0,
JAS,11/12/2021,16601.0,10/22/2021,RICOH,1.0,100.0,
JAS,11/12/2021,16601.0,LCT W/7110,RICOH,1.0,0.0,
JAS,11/12/2021,16601.0,FIERY W/7110,RICOH,1.0,0.0,
JAS,11/12/2021,16601.0,FINISHER W/7110,RICOH,1.0,0.0,
JAS,12/21/2021,16701.0,FINISHER W/20997,RICOH,1.0,0.0,
JAS,2/23/2022,16833.0,VOID:,RICOH,0.0,650.0,
"Jays Business Systems, Inc.",9/19/2023,17632.0,,SHARP,1.0,650.0,
JC Wholesale,7/27/2021,16453.0,VOID:,KONICA MINOLTA,0.0,1100.0,
JC Wholesale,11/23/2021,16660.0,W/FINISHER,KONICA MINOLTA,1.0,700.0,
JC Wholesale,11/23/2021,16660.0,FINISHER W/BH950,KONICA MINOLTA,1.0,0.0,
JC Wholesale,6/20/2022,16978.0,VOID: 6/2/2022,KONICA MINOLTA,0.0,100.0,
JC Wholesale,7/12/2022,17024.0,,KONICA MINOLTA,1.0,125.0,
JIUCHENG INTERNATIONAL INC,6/15/2022,16986.0,LOADING,LOADING,1.0,1600.0,
JIUCHENG INTERNATIONAL INC,6/15/2022,16986.0,FREIGHT (TBD),FREIGHT,1.0,0.0,
JIUCHENG INTERNATIONAL INC,6/15/2022,16986.0,FINISHER W/MXM654,SHARP,1.0,0.0,
JIUCHENG INTERNATIONAL INC,6/15/2022,16986.0,FINISHER W/MXM754,SHARP,1.0,0.0,
JIUCHENG INTERNATIONAL INC,6/15/2022,16986.0,FINISHER W/MXM754,SHARP,1.0,0.0,
JIUCHENG INTERNATIONAL INC,6/15/2022,16986.0,FINISHER W/MXM754,SHARP,1.0,0.0,
JIUCHENG INTERNATIONAL INC,6/15/2022,16986.0,FINISHER W/23176,XEROX,1.0,0.0,
JIUCHENG INTERNATIONAL INC,6/15/2022,16986.0,LCT W/24795,XEROX,1.0,0.0,
JIUCHENG INTERNATIONAL INC,6/15/2022,16986.0,6/7/2022,RICOH,1.0,400.0,
JIUCHENG INTERNATIONAL INC,6/15/2022,16986.0,6/7/2022,RICOH,1.0,400.0,
JIUCHENG INTERNATIONAL INC,6/15/2022,16986.0,6/7/2022,SHARP,1.0,450.0,
JIUCHENG INTERNATIONAL INC,6/15/2022,16986.0,TAG 22631,SHARP,1.0,900.0,
JJ International FZC,3/30/2021,16257.0,3/15/2021,CANON,1.0,75.0,
JJ International FZC,3/30/2021,16257.0,3/15/2021,CANON,1.0,75.0,
JJ International FZC,3/30/2021,16257.0,3/15/2021,CANON,1.0,150.0,
JJ International FZC,3/30/2021,16257.0,3/15/2021,CANON,1.0,75.0,
JJ International FZC,3/30/2021,16257.0,3/15/2021,RISO,1.0,1000.0,
JJ International FZC,3/30/2021,16257.0,3/15/2021,RISO,1.0,1000.0,
JJ International FZC,3/30/2021,16257.0,S/NCGF737362,TOSHIBA,1.0,150.0,
JJ International FZC,3/30/2021,16257.0,3/15/2021,XEROX,1.0,75.0,
JJ International FZC,3/30/2021,16257.0,3/15/2021,XEROX,1.0,75.0,
JJ International FZC,3/30/2021,16257.0,3/15/2021,XEROX,1.0,75.0,
JJ International FZC,3/30/2021,16257.0,LOADING,LOADING,1.0,1400.0,
JJ International FZC,3/30/2021,16257.0,FREIGHT,FREIGHT,1.0,2600.0,
JJ International FZC,3/30/2021,16257.0,3/15/2021,RISO,1.0,1000.0,
JJ International FZC,3/30/2021,16257.0,FINISHER,RICOH,1.0,0.0,
JJ International FZC,3/30/2021,16257.0,S/N CRL510619,TOSHIBA,1.0,50.0,
JJ International FZC,3/30/2021,16257.0,3/15/2021,RICOH,1.0,75.0,
JJ International FZC,5/21/2021,16337.0,LOADING,LOADING,1.0,1600.0,
JJ International FZC,5/21/2021,16337.0,FREIGHT TBD,FREIGHT,1.0,2800.0,
JJ International FZC,5/21/2021,16337.0,5/12/2021,RISO,1.0,150.0,
JJ International FZC,5/21/2021,16337.0,5/12/2021,GESTETNER,1.0,50.0,
JJ International FZC,5/21/2021,16337.0,5/12/2021,XEROX,1.0,100.0,
JJ International FZC,5/21/2021,16337.0,5/12/2021,XEROX,1.0,100.0,
JJ International FZC,5/21/2021,16337.0,5/12/2021,CANON,1.0,225.0,
JJ International FZC,5/21/2021,16337.0,5/12/2021,SHARP,1.0,50.0,
JJ International FZC,5/21/2021,16337.0,5/12/2021,CANON,1.0,175.0,
JJ International FZC,5/21/2021,16337.0,5/12/2021,CANON,1.0,50.0,
JJ International FZC,5/21/2021,16337.0,5/12/2021,CANON,1.0,175.0,
JJ International FZC,5/21/2021,16337.0,5/12/2021,CANON,1.0,50.0,
JJ International FZC,5/21/2021,16337.0,5/12/2021,CANON,1.0,225.0,
JJ International FZC,5/21/2021,16337.0,5/12/2021,CANON,1.0,50.0,
JJ International FZC,5/21/2021,16337.0,PRINTER,CANON,1.0,650.0,
JJ International FZC,5/21/2021,16337.0,PRINTER,CANON,1.0,650.0,
JJ International FZC,7/11/2022,17009.0,7/5/2022,LANIER,1.0,30.0,
JJ International FZC,7/11/2022,17009.0,7/5/2022,RICOH,1.0,30.0,
JJ International FZC,7/11/2022,17009.0,7/5/2022,SAVIN  Inv,1.0,125.0,
JJ International FZC,7/11/2022,17009.0,7/5/2022,SAVIN  Inv,1.0,125.0,
JJ International FZC,7/11/2022,17009.0,7/5/2022,SAVIN  Inv,1.0,125.0,
JJ International FZC,7/11/2022,17009.0,7/5/2022,LANIER,1.0,125.0,
JJ International FZC,7/11/2022,17009.0,7/5/2022,LANIER,1.0,50.0,
JJ International FZC,7/11/2022,17009.0,7/5/2022,SAVIN  Inv,1.0,125.0,
JJ International FZC,7/11/2022,17009.0,7/5/2022,SAVIN  Inv,1.0,125.0,
JJ International FZC,7/11/2022,17009.0,7/5/2022,SAVIN  Inv,1.0,50.0,
JJ International FZC,7/11/2022,17009.0,7/5/2022,SAVIN  Inv,1.0,200.0,
JJ International FZC,7/11/2022,17009.0,7/5/2022,SAVIN  Inv,1.0,200.0,
JJ International FZC,7/11/2022,17009.0,7/5/2022,LANIER,1.0,25.0,
JJ International FZC,7/11/2022,17009.0,7/5/2022,SAVIN  Inv,1.0,125.0,
JJ International FZC,7/11/2022,17009.0,7/5/2022,SAVIN  Inv,1.0,125.0,
JJ International FZC,7/11/2022,17009.0,7/5/2022,RICOH,1.0,35.0,
JJ International FZC,7/11/2022,17009.0,7/5/2022,RICOH,1.0,35.0,
JJ International FZC,7/11/2022,17009.0,7/5/2022,LANIER,1.0,50.0,
JJ International FZC,7/11/2022,17009.0,7/5/2022,LANIER,1.0,50.0,
JJ International FZC,7/11/2022,17009.0,25402,LANIER,1.0,50.0,
JJ International FZC,7/11/2022,17009.0,LOADING,LOADING,1.0,1600.0,
JJ International FZC,7/11/2022,17009.0,7/5/2022,SAVIN  Inv,1.0,125.0,
JJ International FZC,7/11/2022,17009.0,7/5/2022,ADJUSTMENT,1.0,-125.0,
JJ International FZC,7/11/2022,17009.0,CHANGE FEE,SHIPPING,1.0,600.0,
JJ International FZC,7/11/2022,17009.0,7/5/2022,DISCOUNT,,-2345.0,
JJ International FZC,7/11/2022,17009.0,7/5/2022,FREIGHT,1.0,4500.0,
JJ International FZC,9/30/2022,17149.0,VOID:,RISO,0.0,2450.0,
JJ International FZC,10/14/2022,17154.0,10/4/2022,RISO,1.0,2450.0,
JJ International FZC,10/14/2022,17154.0,LOADING,LOADING,1.0,1600.0,
JJ International FZC,10/14/2022,17154.0,FREIGHT,FREIGHT,1.0,4200.0,
JJ International FZC,12/28/2022,17233.0,W/FS532,KONICA MINOLTA,1.0,1500.0,
JJ International FZC,12/28/2022,17233.0,FINISHER W/BH1100,KONICA MINOLTA,1.0,0.0,
JJ International FZC,12/28/2022,17233.0,FINISHER,CANON,1.0,0.0,
JJ International FZC,12/28/2022,17233.0,FINISHER,CANON,1.0,0.0,
JJ International FZC,12/28/2022,17233.0,12/15/2022,CANON,1.0,850.0,
JJ International FZC,12/28/2022,17233.0,12/15/2022,CANON,1.0,750.0,
JJ International FZC,12/28/2022,17233.0,12/15/2022,CANON,1.0,850.0,
JJ International FZC,12/28/2022,17233.0,23664,XEROX,1.0,15.0,
JJ International FZC,12/28/2022,17233.0,12/15/2022,XEROX,1.0,15.0,
JJ International FZC,12/28/2022,17233.0,23423,CANON,1.0,30.0,
JJ International FZC,12/28/2022,17233.0,LOADING,LOADING,1.0,1600.0,
JJ International FZC,12/28/2022,17233.0,FREIGHT,FREIGHT,1.0,4200.0,
JJ International FZC,12/30/2022,17253.0,SHARP 654/754,Refund,6.0,-50.0,
JJ International FZC,12/30/2022,17253.0,CANON 5570,Refund,1.0,-100.0,
JJ International FZC,12/30/2022,17253.0,TOSHIBA 452,Refund,1.0,-100.0,
JJ International FZC,12/30/2022,17253.0,LOADING,LOADING,1.0,1600.0,
JJ International FZC,12/30/2022,17253.0,12/29/2022,RISO,1.0,350.0,
JJ International FZC,12/30/2022,17253.0,12/29/2022,RISO,1.0,350.0,
JJ International FZC,12/30/2022,17253.0,12/29/2022,RISO,1.0,350.0,
JJ International FZC,12/30/2022,17253.0,12/29/2022,RISO,1.0,350.0,
JJ International FZC,12/30/2022,17253.0,12/29/2022,RISO,1.0,350.0,
JJ International FZC,12/30/2022,17253.0,12/29/2022,RISO,1.0,350.0,
JJ International FZC,12/30/2022,17253.0,12/29/2022,RISO,1.0,350.0,
JJ International FZC,12/30/2022,17253.0,12/29/2022,RISO,1.0,350.0,
JJ International FZC,12/30/2022,17253.0,12/29/2022,RISO,1.0,350.0,
JJ International FZC,12/30/2022,17253.0,12/29/2022,RISO,1.0,350.0,
JJ International FZC,12/30/2022,17253.0,12/29/2022,RISO,1.0,350.0,
JJ International FZC,12/30/2022,17253.0,12/29/2022,RISO,1.0,350.0,
JJ International FZC,12/30/2022,17253.0,12/29/2022,RISO,1.0,350.0,
JJ International FZC,12/30/2022,17253.0,12/29/2022,RISO,1.0,350.0,
JJ International FZC,12/30/2022,17253.0,12/29/2022,RISO,1.0,350.0,
JJ International FZC,12/30/2022,17253.0,12/29/2022,RISO,1.0,350.0,
JJ International FZC,12/30/2022,17253.0,12/29/2022,RISO,1.0,350.0,
JJ International FZC,12/30/2022,17253.0,12/29/2022,RISO,1.0,350.0,
JJ International FZC,12/30/2022,17253.0,12/29/2022,RISO,1.0,350.0,
JJ International FZC,12/30/2022,17253.0,12/29/2022,RISO,1.0,350.0,
JJ International FZC,12/30/2022,17253.0,12/29/2022,RISO,1.0,350.0,
JJ International FZC,12/30/2022,17253.0,12/29/2022,RISO,1.0,350.0,
JJ International FZC,12/30/2022,17253.0,12/29/2022,RISO,1.0,350.0,
JJ International FZC,12/30/2022,17253.0,12/29/2022,RISO,1.0,350.0,
JJ International FZC,12/30/2022,17253.0,12/29/2022,RISO,1.0,350.0,
JJ International FZC,12/30/2022,17253.0,12/29/2022,RISO,1.0,350.0,
JJ International FZC,12/30/2022,17253.0,12/29/2022,RISO,1.0,350.0,
JJ International FZC,12/30/2022,17253.0,12/29/2022,RISO,1.0,350.0,
JJ International FZC,12/30/2022,17253.0,12/29/2022,RISO,1.0,350.0,
JJ International FZC,12/30/2022,17253.0,12/29/2022,RISO,1.0,350.0,
JJ International FZC,12/30/2022,17253.0,12/29/2022,RISO,1.0,350.0,
JJ International FZC,12/30/2022,17253.0,12/29/2022,RISO,1.0,350.0,
JJ International FZC,12/30/2022,17253.0,12/29/2022,RISO,1.0,350.0,
JJ International FZC,12/30/2022,17253.0,12/29/2022,RISO,1.0,350.0,
JJ International FZC,12/30/2022,17253.0,12/29/2022,RISO,1.0,350.0,
JJ International FZC,12/30/2022,17253.0,12/29/2022,RISO,1.0,350.0,
JJ International FZC,12/30/2022,17253.0,12/29/2022,RISO,1.0,350.0,
JJ International FZC,12/30/2022,17253.0,12/29/2022,RISO,1.0,350.0,
JJ International FZC,12/30/2022,17253.0,12/29/2022,RISO,1.0,350.0,
JJ International FZC,12/30/2022,17253.0,12/29/2022,RISO,1.0,350.0,
JJ International FZC,12/30/2022,17253.0,12/29/2022,RISO,1.0,350.0,
JJ International FZC,12/30/2022,17253.0,12/29/2022,RISO,1.0,350.0,
JJ International FZC,12/30/2022,17253.0,12/29/2022,RISO,1.0,350.0,
JJ International FZC,12/30/2022,17253.0,12/29/2022,RISO,1.0,350.0,
JJ International FZC,12/30/2022,17253.0,12/29/2022,TOSHIBA  Inv,1.0,50.0,
JJ International FZC,12/30/2022,17253.0,12/29/2022,TOSHIBA  Inv,1.0,50.0,
JJ International FZC,12/30/2022,17253.0,12/29/2022,TOSHIBA  Inv,1.0,50.0,
JJ International FZC,12/30/2022,17253.0,12/29/2022,TOSHIBA  Inv,1.0,50.0,
JJ International FZC,12/30/2022,17253.0,12/29/2022,TOSHIBA  Inv,1.0,50.0,
JJ International FZC,12/30/2022,17253.0,12/29/2022,TOSHIBA  Inv,1.0,50.0,
JJ International FZC,12/30/2022,17253.0,12/29/2022,RISO,1.0,350.0,
JJ International FZC,4/30/2023,17388.0,VOID: 5/2/2023  4/14/2023,LOADING,0.0,1600.0,
JJ International FZC,5/4/2023,17417.0,,CANON,1.0,250.0,
JJ International FZC,5/4/2023,17417.0,,CANON,1.0,150.0,
JJ International FZC,5/4/2023,17417.0,,CANON,1.0,250.0,
JJ International FZC,5/4/2023,17417.0,,SHARP,1.0,125.0,
JJ International FZC,5/4/2023,17417.0,,XEROX,1.0,100.0,
JJ International FZC,5/4/2023,17417.0,,CANON,1.0,250.0,
JJ International FZC,5/4/2023,17417.0,,CANON,1.0,250.0,
JJ International FZC,5/4/2023,17417.0,,CANON,1.0,50.0,
JJ International FZC,5/4/2023,17417.0,,CANON,1.0,250.0,
JJ International FZC,5/4/2023,17417.0,,CANON,1.0,250.0,
JJ International FZC,5/4/2023,17417.0,,SHARP,1.0,175.0,
JJ International FZC,5/4/2023,17417.0,,CANON,1.0,300.0,
JJ International FZC,5/4/2023,17417.0,,CANON,1.0,250.0,
JJ International FZC,5/4/2023,17417.0,,CANON,1.0,250.0,
JJ International FZC,5/4/2023,17417.0,LOADING,LOADING,1.0,1600.0,
JJ International FZC,5/4/2023,17417.0,,CANON,1.0,400.0,
JJ International FZC,5/22/2023,17451.0,LOADING,LOADING,0.0,1600.0,
JJ International FZC,7/11/2023,17506.0,6/25/2023,XEROX,1.0,15.0,
JJ International FZC,7/11/2023,17506.0,6/25/2023,XEROX,1.0,15.0,
JJ International FZC,7/11/2023,17506.0,TAG 35578,XEROX,1.0,100.0,
JJ International FZC,7/11/2023,17506.0,TAG 28630,XEROX,1.0,100.0,
JJ International FZC,7/11/2023,17506.0,LOADING,LOADING,1.0,1600.0,
JJ International FZC,7/20/2023,17539.0,LOADING,LOADING,0.0,1600.0,
JMS COPIERS,2/23/2023,17273.0,31391,RICOH,1.0,550.0,
JMSI Environmental Corp.,5/24/2024,17875.0,PA Sales tax,FEES,0.0,96.0,
JOHNNY JIANG,6/7/2022,16985.0,LOADING,LOADING,0.0,1600.0,
JOHNNY JIANG,4/28/2023,17411.0,LOADING W/IPPC WOOD,LOADING,0.0,1600.0,
JOHNNY JIANG,4/28/2023,17411.0,FREIGHT (ESTIMATE),FREIGHT,0.0,3900.0,
Joseph G Smith School of excellence,8/9/2021,16473.0,TBC Shipping,FREIGHT,1.0,150.0,
Joseph G Smith School of excellence,8/9/2021,16473.0,Sales tax,FEES,1.0,60.0,
JQ Office                               C,6/15/2023,17492.0,Refund for Invoice #I323273,PACKAGE  Inv,1.0,1050.0,
JRD EXPORT,9/18/2020,15912.0,,RICOH,1.0,0.0,
JRD EXPORT,9/18/2020,15912.0,,RICOH,1.0,0.0,
JRD EXPORT,9/18/2020,15912.0,,RICOH,1.0,0.0,
JRD EXPORT,9/18/2020,15912.0,,RICOH,1.0,0.0,
JRD EXPORT,9/18/2020,15912.0,Invoice moved from old QB for inventory removal and payment receipt.,PACKAGE,1.0,8100.0,
JRD EXPORT,12/23/2020,16144.0,,RICOH,1.0,1500.0,
JRD EXPORT,1/13/2021,16175.0,,RICOH,1.0,125.0,
JRD EXPORT,1/13/2021,16175.0,,RICOH,1.0,125.0,
JRD EXPORT,1/13/2021,16175.0,,RICOH,1.0,125.0,
JRD EXPORT,1/13/2021,16175.0,,RICOH,1.0,125.0,
JRD EXPORT,1/13/2021,16175.0,,RICOH,1.0,125.0,
JRD EXPORT,1/13/2021,16175.0,,RICOH,1.0,125.0,
JRD EXPORT,1/13/2021,16175.0,,RICOH,1.0,25.0,
JRD EXPORT,1/13/2021,16175.0,,RICOH,1.0,25.0,
JRD EXPORT,1/13/2021,16175.0,,RICOH,1.0,25.0,
JRD EXPORT,1/13/2021,16175.0,,RICOH,1.0,25.0,
JRD EXPORT,1/13/2021,16175.0,,RICOH,1.0,25.0,
JRD EXPORT,1/13/2021,16175.0,,RICOH,1.0,25.0,
JRD EXPORT,1/13/2021,16175.0,,RICOH,1.0,25.0,
JRD EXPORT,1/13/2021,16175.0,,RICOH,1.0,25.0,
JRD EXPORT,1/13/2021,16175.0,,RICOH,1.0,25.0,
JRD EXPORT,1/13/2021,16175.0,,RICOH,1.0,25.0,
JRD EXPORT,1/13/2021,16175.0,,RICOH,1.0,125.0,
JRD EXPORT,1/13/2021,16175.0,,RICOH,1.0,125.0,
JRD EXPORT,1/13/2021,16175.0,,RICOH,1.0,125.0,
JRD EXPORT,1/28/2021,16198.0,FINISHER,RICOH,1.0,0.0,
JRD EXPORT,4/29/2021,16309.0,W/FIN,RICOH,1.0,600.0,
JRD EXPORT,4/29/2021,16309.0,W/FIN/FIERY/2 OTHER ACCESSORIES N/C,RICOH,1.0,400.0,
JRD EXPORT,4/29/2021,16309.0,DELIVERY/PICKUP,Delivery,1.0,200.0,
JRD EXPORT,4/29/2021,16309.0,4/20/2021,RICOH,1.0,300.0,
JRD EXPORT,4/29/2021,16309.0,4/20/2021,RICOH,1.0,500.0,
JRD EXPORT,4/29/2021,16309.0,4/20/2021,RICOH,1.0,300.0,
JRD EXPORT,4/29/2021,16309.0,4/20/2021,RICOH,1.0,600.0,
JRD EXPORT,2/11/2022,16782.0,2/1/2022,RICOH,1.0,50.0,
JRD EXPORT,2/11/2022,16782.0,FINISHER W/21921,SAVIN  Inv,1.0,0.0,
JRD EXPORT,8/30/2022,17066.0,W/FINISHER,RICOH,1.0,2000.0,
JRD EXPORT,8/30/2022,17066.0,W/FINISHER,RICOH,1.0,2000.0,
JRD EXPORT,8/30/2022,17066.0,W/FINISHER,RICOH,1.0,2000.0,
JRD EXPORT,8/30/2022,17066.0,8/15/2022,LANIER,1.0,525.0,
JRD EXPORT,8/30/2022,17066.0,8/15/2022,SAVIN  Inv,1.0,150.0,
JRD EXPORT,8/30/2022,17066.0,FIERY W/PROC5100s,SAVIN  Inv,1.0,0.0,
JRD EXPORT,8/30/2022,17066.0,8/15/2022,RICOH,1.0,525.0,
JRD EXPORT,8/30/2022,17066.0,8/15/2022,SAVIN  Inv,1.0,525.0,
JRD EXPORT,8/30/2022,17066.0,8/15/2022,SAVIN  Inv,1.0,525.0,
JRD EXPORT,8/30/2022,17066.0,8/15/2022,RICOH,1.0,525.0,
JRD EXPORT,8/30/2022,17066.0,FINISHER W/PROC5100s,SAVIN  Inv,1.0,0.0,
JRD EXPORT,8/30/2022,17066.0,FINISHER,RICOH,1.0,0.0,
JRD EXPORT,8/30/2022,17066.0,FINISHER,RICOH,1.0,0.0,
JRD EXPORT,8/30/2022,17066.0,FINISHER,RICOH,1.0,0.0,
JRD EXPORT,11/14/2022,17173.0,10/21/2022,RICOH,1.0,475.0,
JRD EXPORT,11/14/2022,17173.0,10/21/2022,RICOH,1.0,475.0,
JRD EXPORT,12/16/2022,17222.0,SHIPPED VIA JML 1/13/2023,RICOH,1.0,0.0,
JRD EXPORT,1/18/2023,17280.0,TOSHIIBA 2508,TOSHIBA,0.0,275.0,
JRD EXPORT,1/18/2023,17280.0,NO CHARGE,LOADING,0.0,0.0,
JRD EXPORT,3/6/2023,17343.0,,RICOH,1.0,3500.0,
JRD EXPORT,3/6/2023,17343.0,,RICOH,1.0,3500.0,
JRD EXPORT,3/6/2023,17343.0,FIERY'S FOR 7100,RICOH,2.0,0.0,
JRD EXPORT,3/6/2023,17343.0,FINISHERS FOR 7100,RICOH,2.0,0.0,
JRD EXPORT,3/6/2023,17343.0,LCT'S FOR 7100,RICOH,2.0,0.0,
JRD EXPORT,3/6/2023,17343.0,,RICOH,2.0,0.0,
JRD EXPORT,5/10/2023,17431.0,LOADING,LOADING,1.0,1600.0,
JRD EXPORT,5/10/2023,17431.0,,RICOH,1.0,1700.0,
JRD EXPORT,8/14/2023,17589.0,,RICOH,1.0,1500.0,
JRD EXPORT,8/18/2023,17594.0,W/LCT/FIERY/FIN,RICOH,1.0,28000.0,
JRD EXPORT,9/6/2023,17614.0,"W/SR5050, RT5100, 5S3 BUFFER PASS, C5030 INTERPOSER, FIERY, E43A",RICOH,1.0,1200.0,
JRD EXPORT,9/7/2023,17615.0,W/LCT & FINISHER,SAVIN  Inv,1.0,3500.0,
JRD EXPORT,9/7/2023,17615.0,W/FINISHER,SAVIN  Inv,1.0,1250.0,
JRD EXPORT,9/7/2023,17615.0,W/FINISHER,SAVIN  Inv,1.0,1250.0,
JRD EXPORT,9/7/2023,17615.0,W/FINISHER,RICOH,1.0,1250.0,
JRD EXPORT,9/7/2023,17615.0,W/FINISHER,RICOH,1.0,1250.0,
JRD EXPORT,9/7/2023,17615.0,W/FINISHER,RICOH,1.0,1250.0,
JRD EXPORT,9/7/2023,17615.0,W/FINISHER,RICOH,1.0,1250.0,
JRD EXPORT,9/7/2023,17615.0,W/FINISHER,RICOH,1.0,1250.0,
JRD EXPORT,9/7/2023,17615.0,W/FINISHER,RICOH,1.0,1250.0,
JRD EXPORT,9/7/2023,17615.0,W/FINISHER,RICOH,1.0,1250.0,
JRD EXPORT,9/7/2023,17615.0,W/FINISHER,RICOH,1.0,1250.0,
JRD EXPORT,9/7/2023,17615.0,W/FINISHER,RICOH,1.0,1250.0,
JRD EXPORT,9/7/2023,17615.0,W/FINISHER,RICOH,1.0,1250.0,
JRD EXPORT,9/7/2023,17615.0,W/FINISHER,RICOH,1.0,1250.0,
JRD EXPORT,9/7/2023,17615.0,W/FINISHER,RICOH,1.0,1250.0,
JRD EXPORT,9/7/2023,17615.0,W/FINISHER,RICOH,1.0,1250.0,
JRD EXPORT,9/7/2023,17615.0,W/FINISHER,RICOH,1.0,1250.0,
JRD EXPORT,9/7/2023,17615.0,W/FINISHER,RICOH,1.0,1250.0,
JRD EXPORT,9/7/2023,17615.0,W/FINISHER,RICOH,1.0,1250.0,
JRD EXPORT,9/7/2023,17615.0,W/FINISHER,RICOH,1.0,1250.0,
JRD EXPORT,9/7/2023,17615.0,W/FINISHER,RICOH,1.0,1250.0,
JRD EXPORT,9/7/2023,17615.0,FINISHERS W/MP9003,RICOH,20.0,0.0,
JRD EXPORT,9/7/2023,17615.0,LCT,SAVIN  Inv,1.0,0.0,
JRD EXPORT,9/7/2023,17615.0,FINISHER,SAVIN  Inv,1.0,0.0,
JRD EXPORT,10/31/2023,17683.0,TAG 38229 W/FINISHER & LCT,RICOH,1.0,1200.0,
JRD EXPORT,11/22/2023,17708.0,FIERY W/38449,RICOH,1.0,0.0,
JRD EXPORT,11/22/2023,17708.0,,RICOH,1.0,1300.0,
JRD EXPORT,11/22/2023,17708.0,price redcution on 7110,ADJUSTMENT,1.0,-700.0,
JRD EXPORT,2/22/2024,17768.0,FINISHER W/39075,RICOH,1.0,0.0,
